ic2_004036_2          2.5883130160E+05      4.3327339870E+06      2            1.000000000000000E+002
ic2_004044_2          2.6017242160E+05      4.3327339870E+06      2            1.000000000000000E+002
ic1_004052_2          2.6151354160E+05      4.3327339870E+06      1            1.000000000000000E+002
ic2_004060_2          2.6285466160E+05      4.3327339870E+06      2            1.000000000000000E+002
ic2_012036_2          2.5883130160E+05      4.3313928670E+06      2            1.000000000000000E+002
ic2_012044_2          2.6017242160E+05      4.3313928670E+06      2            1.000000000000000E+002
ic2_012052_2          2.6151354160E+05      4.3313928670E+06      2            1.000000000000000E+002
ic1_012060_2          2.6285466160E+05      4.3313928670E+06      1            1.000000000000000E+002
ic2_020012_2          2.5480794160E+05      4.3300517470E+06      2            1.000000000000000E+002
ic2_020020_2          2.5614906160E+05      4.3300517470E+06      2            1.000000000000000E+002
ic2_020028_2          2.5749018160E+05      4.3300517470E+06      2            1.000000000000000E+002
ic2_020036_2          2.5883130160E+05      4.3300517470E+06      2            1.000000000000000E+002
ic2_020044_2          2.6017242160E+05      4.3300517470E+06      2            1.000000000000000E+002
ic1_020052_2          2.6151354160E+05      4.3300517470E+06      1            1.000000000000000E+002
ic1_020060_2          2.6285466160E+05      4.3300517470E+06      1            1.000000000000000E+002
ic2_020108_2          2.7090138160E+05      4.3300517470E+06      2            1.000000000000000E+002
ic3_020116_2          2.7224250160E+05      4.3300517470E+06      3            1.000000000000000E+002
ic2_020124_2          2.7358362160E+05      4.3300517470E+06      2            1.000000000000000E+002
ic4_020132_2          2.7492474160E+05      4.3300517470E+06      4            1.000000000000000E+002
ic2_028012_2          2.5480794160E+05      4.3287106270E+06      2            1.000000000000000E+002
ic2_028020_2          2.5614906160E+05      4.3287106270E+06      2            1.000000000000000E+002
ic2_028028_2          2.5749018160E+05      4.3287106270E+06      2            1.000000000000000E+002
ic2_028036_2          2.5883130160E+05      4.3287106270E+06      2            1.000000000000000E+002
ic2_028044_2          2.6017242160E+05      4.3287106270E+06      2            1.000000000000000E+002
ic1_028052_2          2.6151354160E+05      4.3287106270E+06      1            1.000000000000000E+002
ic1_028060_2          2.6285466160E+05      4.3287106270E+06      1            1.000000000000000E+002
ic3_028116_2          2.7224250160E+05      4.3287106270E+06      3            1.000000000000000E+002
ic2_028124_2          2.7358362160E+05      4.3287106270E+06      2            1.000000000000000E+002
ic4_028140_2          2.7626586160E+05      4.3287106270E+06      4            1.000000000000000E+002
ic2_036012_2          2.5480794160E+05      4.3273695070E+06      2            1.000000000000000E+002
ic2_036020_2          2.5614906160E+05      4.3273695070E+06      2            1.000000000000000E+002
ic2_036028_2          2.5749018160E+05      4.3273695070E+06      2            1.000000000000000E+002
ic2_036036_2          2.5883130160E+05      4.3273695070E+06      2            1.000000000000000E+002
ic1_036044_2          2.6017242160E+05      4.3273695070E+06      1            1.000000000000000E+002
ic1_036052_2          2.6151354160E+05      4.3273695070E+06      1            1.000000000000000E+002
ic2_036060_2          2.6285466160E+05      4.3273695070E+06      2            1.000000000000000E+002
ic2_036092_2          2.6821914160E+05      4.3273695070E+06      2            1.000000000000000E+002
ic3_036108_2          2.7090138160E+05      4.3273695070E+06      3            1.000000000000000E+002
ic3_036116_2          2.7224250160E+05      4.3273695070E+06      3            1.000000000000000E+002
ic3_036124_2          2.7358362160E+05      4.3273695070E+06      3            1.000000000000000E+002
ic4_036148_2          2.7760698160E+05      4.3273695070E+06      4            1.000000000000000E+002
ic2_044012_2          2.5480794160E+05      4.3260283870E+06      2            1.000000000000000E+002
ic2_044020_2          2.5614906160E+05      4.3260283870E+06      2            1.000000000000000E+002
ic2_044028_2          2.5749018160E+05      4.3260283870E+06      2            1.000000000000000E+002
ic1_044036_2          2.5883130160E+05      4.3260283870E+06      1            1.000000000000000E+002
ic1_044044_2          2.6017242160E+05      4.3260283870E+06      1            1.000000000000000E+002
ic2_044052_2          2.6151354160E+05      4.3260283870E+06      2            1.000000000000000E+002
ic2_044060_2          2.6285466160E+05      4.3260283870E+06      2            1.000000000000000E+002
ic2_044068_2          2.6419578160E+05      4.3260283870E+06      2            1.000000000000000E+002
ic2_044076_2          2.6553690160E+05      4.3260283870E+06      2            1.000000000000000E+002
ic3_044084_2          2.6687802160E+05      4.3260283870E+06      3            1.000000000000000E+002
ic2_044092_2          2.6821914160E+05      4.3260283870E+06      2            1.000000000000000E+002
ic3_044100_2          2.6956026160E+05      4.3260283870E+06      3            1.000000000000000E+002
ic3_044108_2          2.7090138160E+05      4.3260283870E+06      3            1.000000000000000E+002
ic3_044116_2          2.7224250160E+05      4.3260283870E+06      3            1.000000000000000E+002
ic3_044124_2          2.7358362160E+05      4.3260283870E+06      3            1.000000000000000E+002
ic3_044132_2          2.7492474160E+05      4.3260283870E+06      3            1.000000000000000E+002
ic3_044156_2          2.7894810160E+05      4.3260283870E+06      3            1.000000000000000E+002
ic2_052012_2          2.5480794160E+05      4.3246872670E+06      2            1.000000000000000E+002
ic1_052020_2          2.5614906160E+05      4.3246872670E+06      1            1.000000000000000E+002
ic1_052028_2          2.5749018160E+05      4.3246872670E+06      1            1.000000000000000E+002
ic1_052036_2          2.5883130160E+05      4.3246872670E+06      1            1.000000000000000E+002
ic2_052044_2          2.6017242160E+05      4.3246872670E+06      2            1.000000000000000E+002
ic2_052052_2          2.6151354160E+05      4.3246872670E+06      2            1.000000000000000E+002
ic2_052060_2          2.6285466160E+05      4.3246872670E+06      2            1.000000000000000E+002
ic2_052068_2          2.6419578160E+05      4.3246872670E+06      2            1.000000000000000E+002
ic2_052076_2          2.6553690160E+05      4.3246872670E+06      2            1.000000000000000E+002
ic3_052084_2          2.6687802160E+05      4.3246872670E+06      3            1.000000000000000E+002
ic3_052092_2          2.6821914160E+05      4.3246872670E+06      3            1.000000000000000E+002
ic2_052100_2          2.6956026160E+05      4.3246872670E+06      2            1.000000000000000E+002
ic3_052108_2          2.7090138160E+05      4.3246872670E+06      3            1.000000000000000E+002
ic3_052116_2          2.7224250160E+05      4.3246872670E+06      3            1.000000000000000E+002
ic3_052124_2          2.7358362160E+05      4.3246872670E+06      3            1.000000000000000E+002
ic3_052132_2          2.7492474160E+05      4.3246872670E+06      3            1.000000000000000E+002
ic3_052156_2          2.7894810160E+05      4.3246872670E+06      3            1.000000000000000E+002
ic3_052180_2          2.8297146160E+05      4.3246872670E+06      3            1.000000000000000E+002
ic1_060012_2          2.5480794160E+05      4.3233461470E+06      1            1.000000000000000E+002
ic1_060020_2          2.5614906160E+05      4.3233461470E+06      1            1.000000000000000E+002
ic1_060028_2          2.5749018160E+05      4.3233461470E+06      1            1.000000000000000E+002
ic1_060036_2          2.5883130160E+05      4.3233461470E+06      1            1.000000000000000E+002
ic2_060044_2          2.6017242160E+05      4.3233461470E+06      2            1.000000000000000E+002
ic2_060052_2          2.6151354160E+05      4.3233461470E+06      2            1.000000000000000E+002
ic2_060060_2          2.6285466160E+05      4.3233461470E+06      2            1.000000000000000E+002
ic2_060068_2          2.6419578160E+05      4.3233461470E+06      2            1.000000000000000E+002
ic2_060076_2          2.6553690160E+05      4.3233461470E+06      2            1.000000000000000E+002
ic3_060084_2          2.6687802160E+05      4.3233461470E+06      3            1.000000000000000E+002
ic3_060092_2          2.6821914160E+05      4.3233461470E+06      3            1.000000000000000E+002
ic2_060100_2          2.6956026160E+05      4.3233461470E+06      2            1.000000000000000E+002
ic3_060108_2          2.7090138160E+05      4.3233461470E+06      3            1.000000000000000E+002
ic3_060116_2          2.7224250160E+05      4.3233461470E+06      3            1.000000000000000E+002
ic3_060124_2          2.7358362160E+05      4.3233461470E+06      3            1.000000000000000E+002
ic3_060148_2          2.7760698160E+05      4.3233461470E+06      3            1.000000000000000E+002
ic3_060180_2          2.8297146160E+05      4.3233461470E+06      3            1.000000000000000E+002
ic4_060188_2          2.8431258160E+05      4.3233461470E+06      4            1.000000000000000E+002
ic4_060196_2          2.8565370160E+05      4.3233461470E+06      4            1.000000000000000E+002
ic2_068004_2          2.5346682160E+05      4.3220050270E+06      2            1.000000000000000E+002
ic1_068012_2          2.5480794160E+05      4.3220050270E+06      1            1.000000000000000E+002
ic1_068020_2          2.5614906160E+05      4.3220050270E+06      1            1.000000000000000E+002
ic1_068028_2          2.5749018160E+05      4.3220050270E+06      1            1.000000000000000E+002
ic1_068036_2          2.5883130160E+05      4.3220050270E+06      1            1.000000000000000E+002
ic2_068044_2          2.6017242160E+05      4.3220050270E+06      2            1.000000000000000E+002
ic2_068052_2          2.6151354160E+05      4.3220050270E+06      2            1.000000000000000E+002
ic2_068060_2          2.6285466160E+05      4.3220050270E+06      2            1.000000000000000E+002
ic2_068068_2          2.6419578160E+05      4.3220050270E+06      2            1.000000000000000E+002
ic2_068076_2          2.6553690160E+05      4.3220050270E+06      2            1.000000000000000E+002
ic2_068084_2          2.6687802160E+05      4.3220050270E+06      2            1.000000000000000E+002
ic3_068092_2          2.6821914160E+05      4.3220050270E+06      3            1.000000000000000E+002
ic2_068100_2          2.6956026160E+05      4.3220050270E+06      2            1.000000000000000E+002
ic3_068108_2          2.7090138160E+05      4.3220050270E+06      3            1.000000000000000E+002
ic3_068116_2          2.7224250160E+05      4.3220050270E+06      3            1.000000000000000E+002
ic3_068124_2          2.7358362160E+05      4.3220050270E+06      3            1.000000000000000E+002
ic3_068132_2          2.7492474160E+05      4.3220050270E+06      3            1.000000000000000E+002
ic3_068156_2          2.7894810160E+05      4.3220050270E+06      3            1.000000000000000E+002
ic4_068172_2          2.8163034160E+05      4.3220050270E+06      4            1.000000000000000E+002
ic3_068180_2          2.8297146160E+05      4.3220050270E+06      3            1.000000000000000E+002
ic4_068188_2          2.8431258160E+05      4.3220050270E+06      4            1.000000000000000E+002
ic4_068196_2          2.8565370160E+05      4.3220050270E+06      4            1.000000000000000E+002
ic2_076004_2          2.5346682160E+05      4.3206639070E+06      2            1.000000000000000E+002
ic1_076012_2          2.5480794160E+05      4.3206639070E+06      1            1.000000000000000E+002
ic1_076020_2          2.5614906160E+05      4.3206639070E+06      1            1.000000000000000E+002
ic1_076028_2          2.5749018160E+05      4.3206639070E+06      1            1.000000000000000E+002
ic1_076036_2          2.5883130160E+05      4.3206639070E+06      1            1.000000000000000E+002
ic2_076044_2          2.6017242160E+05      4.3206639070E+06      2            1.000000000000000E+002
ic2_076052_2          2.6151354160E+05      4.3206639070E+06      2            1.000000000000000E+002
ic2_076060_2          2.6285466160E+05      4.3206639070E+06      2            1.000000000000000E+002
ic2_076068_2          2.6419578160E+05      4.3206639070E+06      2            1.000000000000000E+002
ic2_076076_2          2.6553690160E+05      4.3206639070E+06      2            1.000000000000000E+002
ic3_076084_2          2.6687802160E+05      4.3206639070E+06      3            1.000000000000000E+002
ic3_076092_2          2.6821914160E+05      4.3206639070E+06      3            1.000000000000000E+002
ic3_076100_2          2.6956026160E+05      4.3206639070E+06      3            1.000000000000000E+002
ic3_076108_2          2.7090138160E+05      4.3206639070E+06      3            1.000000000000000E+002
ic3_076116_2          2.7224250160E+05      4.3206639070E+06      3            1.000000000000000E+002
ic3_076124_2          2.7358362160E+05      4.3206639070E+06      3            1.000000000000000E+002
ic3_076132_2          2.7492474160E+05      4.3206639070E+06      3            1.000000000000000E+002
ic3_076140_2          2.7626586160E+05      4.3206639070E+06      3            1.000000000000000E+002
ic3_076148_2          2.7760698160E+05      4.3206639070E+06      3            1.000000000000000E+002
ic3_076156_2          2.7894810160E+05      4.3206639070E+06      3            1.000000000000000E+002
ic3_076172_2          2.8163034160E+05      4.3206639070E+06      3            1.000000000000000E+002
ic3_076180_2          2.8297146160E+05      4.3206639070E+06      3            1.000000000000000E+002
ic1_084012_2          2.5480794160E+05      4.3193227870E+06      1            1.000000000000000E+002
ic1_084020_2          2.5614906160E+05      4.3193227870E+06      1            1.000000000000000E+002
ic1_084028_2          2.5749018160E+05      4.3193227870E+06      1            1.000000000000000E+002
ic1_084036_2          2.5883130160E+05      4.3193227870E+06      1            1.000000000000000E+002
ic1_084044_2          2.6017242160E+05      4.3193227870E+06      1            1.000000000000000E+002
ic2_084052_2          2.6151354160E+05      4.3193227870E+06      2            1.000000000000000E+002
ic2_084060_2          2.6285466160E+05      4.3193227870E+06      2            1.000000000000000E+002
ic2_084068_2          2.6419578160E+05      4.3193227870E+06      2            1.000000000000000E+002
ic2_084076_2          2.6553690160E+05      4.3193227870E+06      2            1.000000000000000E+002
ic3_084084_2          2.6687802160E+05      4.3193227870E+06      3            1.000000000000000E+002
ic3_084092_2          2.6821914160E+05      4.3193227870E+06      3            1.000000000000000E+002
ic3_084100_2          2.6956026160E+05      4.3193227870E+06      3            1.000000000000000E+002
ic3_084108_2          2.7090138160E+05      4.3193227870E+06      3            1.000000000000000E+002
ic3_084116_2          2.7224250160E+05      4.3193227870E+06      3            1.000000000000000E+002
ic3_084124_2          2.7358362160E+05      4.3193227870E+06      3            1.000000000000000E+002
ic3_084132_2          2.7492474160E+05      4.3193227870E+06      3            1.000000000000000E+002
ic3_084156_2          2.7894810160E+05      4.3193227870E+06      3            1.000000000000000E+002
ic3_084164_2          2.8028922160E+05      4.3193227870E+06      3            1.000000000000000E+002
ic3_084172_2          2.8163034160E+05      4.3193227870E+06      3            1.000000000000000E+002
ic2_084180_2          2.8297146160E+05      4.3193227870E+06      2            1.000000000000000E+002
ic2_084188_2          2.8431258160E+05      4.3193227870E+06      2            1.000000000000000E+002
ic1_092012_2          2.5480794160E+05      4.3179816670E+06      1            1.000000000000000E+002
ic1_092020_2          2.5614906160E+05      4.3179816670E+06      1            1.000000000000000E+002
ic1_092028_2          2.5749018160E+05      4.3179816670E+06      1            1.000000000000000E+002
ic1_092036_2          2.5883130160E+05      4.3179816670E+06      1            1.000000000000000E+002
ic2_092044_2          2.6017242160E+05      4.3179816670E+06      2            1.000000000000000E+002
ic2_092052_2          2.6151354160E+05      4.3179816670E+06      2            1.000000000000000E+002
ic2_092060_2          2.6285466160E+05      4.3179816670E+06      2            1.000000000000000E+002
ic2_092068_2          2.6419578160E+05      4.3179816670E+06      2            1.000000000000000E+002
ic2_092076_2          2.6553690160E+05      4.3179816670E+06      2            1.000000000000000E+002
ic2_092084_2          2.6687802160E+05      4.3179816670E+06      2            1.000000000000000E+002
ic2_092092_2          2.6821914160E+05      4.3179816670E+06      2            1.000000000000000E+002
ic3_092100_2          2.6956026160E+05      4.3179816670E+06      3            1.000000000000000E+002
ic3_092108_2          2.7090138160E+05      4.3179816670E+06      3            1.000000000000000E+002
ic3_092116_2          2.7224250160E+05      4.3179816670E+06      3            1.000000000000000E+002
ic3_092124_2          2.7358362160E+05      4.3179816670E+06      3            1.000000000000000E+002
ic3_092132_2          2.7492474160E+05      4.3179816670E+06      3            1.000000000000000E+002
ic3_092140_2          2.7626586160E+05      4.3179816670E+06      3            1.000000000000000E+002
ic2_092148_2          2.7760698160E+05      4.3179816670E+06      2            1.000000000000000E+002
ic3_092156_2          2.7894810160E+05      4.3179816670E+06      3            1.000000000000000E+002
ic3_092164_2          2.8028922160E+05      4.3179816670E+06      3            1.000000000000000E+002
ic3_092180_2          2.8297146160E+05      4.3179816670E+06      3            1.000000000000000E+002
ic2_092188_2          2.8431258160E+05      4.3179816670E+06      2            1.000000000000000E+002
ic1_100012_2          2.5480794160E+05      4.3166405470E+06      1            1.000000000000000E+002
ic1_100020_2          2.5614906160E+05      4.3166405470E+06      1            1.000000000000000E+002
ic1_100028_2          2.5749018160E+05      4.3166405470E+06      1            1.000000000000000E+002
ic1_100036_2          2.5883130160E+05      4.3166405470E+06      1            1.000000000000000E+002
ic1_100044_2          2.6017242160E+05      4.3166405470E+06      1            1.000000000000000E+002
ic2_100052_2          2.6151354160E+05      4.3166405470E+06      2            1.000000000000000E+002
ic2_100060_2          2.6285466160E+05      4.3166405470E+06      2            1.000000000000000E+002
ic2_100068_2          2.6419578160E+05      4.3166405470E+06      2            1.000000000000000E+002
ic2_100076_2          2.6553690160E+05      4.3166405470E+06      2            1.000000000000000E+002
ic2_100084_2          2.6687802160E+05      4.3166405470E+06      2            1.000000000000000E+002
ic3_100092_2          2.6821914160E+05      4.3166405470E+06      3            1.000000000000000E+002
ic3_100100_2          2.6956026160E+05      4.3166405470E+06      3            1.000000000000000E+002
ic3_100108_2          2.7090138160E+05      4.3166405470E+06      3            1.000000000000000E+002
ic3_100116_2          2.7224250160E+05      4.3166405470E+06      3            1.000000000000000E+002
ic3_100124_2          2.7358362160E+05      4.3166405470E+06      3            1.000000000000000E+002
ic3_100132_2          2.7492474160E+05      4.3166405470E+06      3            1.000000000000000E+002
ic3_100140_2          2.7626586160E+05      4.3166405470E+06      3            1.000000000000000E+002
ic3_100148_2          2.7760698160E+05      4.3166405470E+06      3            1.000000000000000E+002
ic3_100156_2          2.7894810160E+05      4.3166405470E+06      3            1.000000000000000E+002
ic3_100164_2          2.8028922160E+05      4.3166405470E+06      3            1.000000000000000E+002
ic3_100172_2          2.8163034160E+05      4.3166405470E+06      3            1.000000000000000E+002
ic3_100180_2          2.8297146160E+05      4.3166405470E+06      3            1.000000000000000E+002
ic2_100188_2          2.8431258160E+05      4.3166405470E+06      2            1.000000000000000E+002
ic4_100196_2          2.8565370160E+05      4.3166405470E+06      4            1.000000000000000E+002
ic1_108012_2          2.5480794160E+05      4.3152994270E+06      1            1.000000000000000E+002
ic1_108020_2          2.5614906160E+05      4.3152994270E+06      1            1.000000000000000E+002
ic1_108028_2          2.5749018160E+05      4.3152994270E+06      1            1.000000000000000E+002
ic1_108036_2          2.5883130160E+05      4.3152994270E+06      1            1.000000000000000E+002
ic1_108044_2          2.6017242160E+05      4.3152994270E+06      1            1.000000000000000E+002
ic2_108052_2          2.6151354160E+05      4.3152994270E+06      2            1.000000000000000E+002
ic2_108060_2          2.6285466160E+05      4.3152994270E+06      2            1.000000000000000E+002
ic2_108068_2          2.6419578160E+05      4.3152994270E+06      2            1.000000000000000E+002
ic2_108076_2          2.6553690160E+05      4.3152994270E+06      2            1.000000000000000E+002
ic2_108084_2          2.6687802160E+05      4.3152994270E+06      2            1.000000000000000E+002
ic3_108092_2          2.6821914160E+05      4.3152994270E+06      3            1.000000000000000E+002
ic3_108100_2          2.6956026160E+05      4.3152994270E+06      3            1.000000000000000E+002
ic2_108108_2          2.7090138160E+05      4.3152994270E+06      2            1.000000000000000E+002
ic3_108116_2          2.7224250160E+05      4.3152994270E+06      3            1.000000000000000E+002
ic3_108124_2          2.7358362160E+05      4.3152994270E+06      3            1.000000000000000E+002
ic3_108132_2          2.7492474160E+05      4.3152994270E+06      3            1.000000000000000E+002
ic3_108140_2          2.7626586160E+05      4.3152994270E+06      3            1.000000000000000E+002
ic3_108148_2          2.7760698160E+05      4.3152994270E+06      3            1.000000000000000E+002
ic3_108156_2          2.7894810160E+05      4.3152994270E+06      3            1.000000000000000E+002
ic3_108164_2          2.8028922160E+05      4.3152994270E+06      3            1.000000000000000E+002
ic3_108172_2          2.8163034160E+05      4.3152994270E+06      3            1.000000000000000E+002
ic3_108180_2          2.8297146160E+05      4.3152994270E+06      3            1.000000000000000E+002
ic2_108188_2          2.8431258160E+05      4.3152994270E+06      2            1.000000000000000E+002
ic2_116004_2          2.5346682160E+05      4.3139583070E+06      2            1.000000000000000E+002
ic1_116012_2          2.5480794160E+05      4.3139583070E+06      1            1.000000000000000E+002
ic1_116020_2          2.5614906160E+05      4.3139583070E+06      1            1.000000000000000E+002
ic1_116028_2          2.5749018160E+05      4.3139583070E+06      1            1.000000000000000E+002
ic1_116036_2          2.5883130160E+05      4.3139583070E+06      1            1.000000000000000E+002
ic1_116044_2          2.6017242160E+05      4.3139583070E+06      1            1.000000000000000E+002
ic1_116052_2          2.6151354160E+05      4.3139583070E+06      1            1.000000000000000E+002
ic1_116060_2          2.6285466160E+05      4.3139583070E+06      1            1.000000000000000E+002
ic2_116068_2          2.6419578160E+05      4.3139583070E+06      2            1.000000000000000E+002
ic2_116076_2          2.6553690160E+05      4.3139583070E+06      2            1.000000000000000E+002
ic3_116084_2          2.6687802160E+05      4.3139583070E+06      3            1.000000000000000E+002
ic3_116092_2          2.6821914160E+05      4.3139583070E+06      3            1.000000000000000E+002
ic3_116100_2          2.6956026160E+05      4.3139583070E+06      3            1.000000000000000E+002
ic2_116108_2          2.7090138160E+05      4.3139583070E+06      2            1.000000000000000E+002
ic2_116116_2          2.7224250160E+05      4.3139583070E+06      2            1.000000000000000E+002
ic3_116124_2          2.7358362160E+05      4.3139583070E+06      3            1.000000000000000E+002
ic2_116132_2          2.7492474160E+05      4.3139583070E+06      2            1.000000000000000E+002
ic3_116140_2          2.7626586160E+05      4.3139583070E+06      3            1.000000000000000E+002
ic3_116148_2          2.7760698160E+05      4.3139583070E+06      3            1.000000000000000E+002
ic3_116156_2          2.7894810160E+05      4.3139583070E+06      3            1.000000000000000E+002
ic3_116164_2          2.8028922160E+05      4.3139583070E+06      3            1.000000000000000E+002
ic3_116172_2          2.8163034160E+05      4.3139583070E+06      3            1.000000000000000E+002
ic3_116180_2          2.8297146160E+05      4.3139583070E+06      3            1.000000000000000E+002
ic3_116188_2          2.8431258160E+05      4.3139583070E+06      3            1.000000000000000E+002
ic2_124004_2          2.5346682160E+05      4.3126171870E+06      2            1.000000000000000E+002
ic2_124012_2          2.5480794160E+05      4.3126171870E+06      2            1.000000000000000E+002
ic1_124020_2          2.5614906160E+05      4.3126171870E+06      1            1.000000000000000E+002
ic1_124028_2          2.5749018160E+05      4.3126171870E+06      1            1.000000000000000E+002
ic1_124036_2          2.5883130160E+05      4.3126171870E+06      1            1.000000000000000E+002
ic1_124044_2          2.6017242160E+05      4.3126171870E+06      1            1.000000000000000E+002
ic1_124052_2          2.6151354160E+05      4.3126171870E+06      1            1.000000000000000E+002
ic1_124060_2          2.6285466160E+05      4.3126171870E+06      1            1.000000000000000E+002
ic1_124068_2          2.6419578160E+05      4.3126171870E+06      1            1.000000000000000E+002
ic2_124076_2          2.6553690160E+05      4.3126171870E+06      2            1.000000000000000E+002
ic2_124084_2          2.6687802160E+05      4.3126171870E+06      2            1.000000000000000E+002
ic2_124092_2          2.6821914160E+05      4.3126171870E+06      2            1.000000000000000E+002
ic3_124100_2          2.6956026160E+05      4.3126171870E+06      3            1.000000000000000E+002
ic2_124108_2          2.7090138160E+05      4.3126171870E+06      2            1.000000000000000E+002
ic3_124116_2          2.7224250160E+05      4.3126171870E+06      3            1.000000000000000E+002
ic3_124124_2          2.7358362160E+05      4.3126171870E+06      3            1.000000000000000E+002
ic2_124140_2          2.7626586160E+05      4.3126171870E+06      2            1.000000000000000E+002
ic3_124148_2          2.7760698160E+05      4.3126171870E+06      3            1.000000000000000E+002
ic3_124156_2          2.7894810160E+05      4.3126171870E+06      3            1.000000000000000E+002
ic3_124164_2          2.8028922160E+05      4.3126171870E+06      3            1.000000000000000E+002
ic3_124172_2          2.8163034160E+05      4.3126171870E+06      3            1.000000000000000E+002
ic3_124180_2          2.8297146160E+05      4.3126171870E+06      3            1.000000000000000E+002
ic3_124188_2          2.8431258160E+05      4.3126171870E+06      3            1.000000000000000E+002
ic2_132004_2          2.5346682160E+05      4.3112760670E+06      2            1.000000000000000E+002
ic2_132012_2          2.5480794160E+05      4.3112760670E+06      2            1.000000000000000E+002
ic1_132020_2          2.5614906160E+05      4.3112760670E+06      1            1.000000000000000E+002
ic1_132028_2          2.5749018160E+05      4.3112760670E+06      1            1.000000000000000E+002
ic1_132036_2          2.5883130160E+05      4.3112760670E+06      1            1.000000000000000E+002
ic1_132044_2          2.6017242160E+05      4.3112760670E+06      1            1.000000000000000E+002
ic1_132052_2          2.6151354160E+05      4.3112760670E+06      1            1.000000000000000E+002
ic1_132060_2          2.6285466160E+05      4.3112760670E+06      1            1.000000000000000E+002
ic1_132068_2          2.6419578160E+05      4.3112760670E+06      1            1.000000000000000E+002
ic2_132076_2          2.6553690160E+05      4.3112760670E+06      2            1.000000000000000E+002
ic2_132084_2          2.6687802160E+05      4.3112760670E+06      2            1.000000000000000E+002
ic3_132092_2          2.6821914160E+05      4.3112760670E+06      3            1.000000000000000E+002
ic3_132100_2          2.6956026160E+05      4.3112760670E+06      3            1.000000000000000E+002
ic3_132108_2          2.7090138160E+05      4.3112760670E+06      3            1.000000000000000E+002
ic3_132116_2          2.7224250160E+05      4.3112760670E+06      3            1.000000000000000E+002
ic2_132140_2          2.7626586160E+05      4.3112760670E+06      2            1.000000000000000E+002
ic3_132148_2          2.7760698160E+05      4.3112760670E+06      3            1.000000000000000E+002
ic3_132156_2          2.7894810160E+05      4.3112760670E+06      3            1.000000000000000E+002
ic3_132164_2          2.8028922160E+05      4.3112760670E+06      3            1.000000000000000E+002
ic3_132172_2          2.8163034160E+05      4.3112760670E+06      3            1.000000000000000E+002
ic4_132180_2          2.8297146160E+05      4.3112760670E+06      4            1.000000000000000E+002
ic3_132188_2          2.8431258160E+05      4.3112760670E+06      3            1.000000000000000E+002
ic2_140004_2          2.5346682160E+05      4.3099349470E+06      2            1.000000000000000E+002
ic2_140012_2          2.5480794160E+05      4.3099349470E+06      2            1.000000000000000E+002
ic2_140020_2          2.5614906160E+05      4.3099349470E+06      2            1.000000000000000E+002
ic1_140028_2          2.5749018160E+05      4.3099349470E+06      1            1.000000000000000E+002
ic1_140036_2          2.5883130160E+05      4.3099349470E+06      1            1.000000000000000E+002
ic2_140044_2          2.6017242160E+05      4.3099349470E+06      2            1.000000000000000E+002
ic2_140052_2          2.6151354160E+05      4.3099349470E+06      2            1.000000000000000E+002
ic2_140060_2          2.6285466160E+05      4.3099349470E+06      2            1.000000000000000E+002
ic2_140068_2          2.6419578160E+05      4.3099349470E+06      2            1.000000000000000E+002
ic2_140076_2          2.6553690160E+05      4.3099349470E+06      2            1.000000000000000E+002
ic2_140084_2          2.6687802160E+05      4.3099349470E+06      2            1.000000000000000E+002
ic2_140092_2          2.6821914160E+05      4.3099349470E+06      2            1.000000000000000E+002
ic3_140100_2          2.6956026160E+05      4.3099349470E+06      3            1.000000000000000E+002
ic3_140108_2          2.7090138160E+05      4.3099349470E+06      3            1.000000000000000E+002
ic3_140116_2          2.7224250160E+05      4.3099349470E+06      3            1.000000000000000E+002
ic2_140132_2          2.7492474160E+05      4.3099349470E+06      2            1.000000000000000E+002
ic2_140140_2          2.7626586160E+05      4.3099349470E+06      2            1.000000000000000E+002
ic3_140148_2          2.7760698160E+05      4.3099349470E+06      3            1.000000000000000E+002
ic3_140156_2          2.7894810160E+05      4.3099349470E+06      3            1.000000000000000E+002
ic3_140164_2          2.8028922160E+05      4.3099349470E+06      3            1.000000000000000E+002
ic3_140180_2          2.8297146160E+05      4.3099349470E+06      3            1.000000000000000E+002
ic3_140188_2          2.8431258160E+05      4.3099349470E+06      3            1.000000000000000E+002
ic2_148004_2          2.5346682160E+05      4.3085938270E+06      2            1.000000000000000E+002
ic2_148012_2          2.5480794160E+05      4.3085938270E+06      2            1.000000000000000E+002
ic1_148020_2          2.5614906160E+05      4.3085938270E+06      1            1.000000000000000E+002
ic1_148028_2          2.5749018160E+05      4.3085938270E+06      1            1.000000000000000E+002
ic1_148036_2          2.5883130160E+05      4.3085938270E+06      1            1.000000000000000E+002
ic2_148044_2          2.6017242160E+05      4.3085938270E+06      2            1.000000000000000E+002
ic2_148052_2          2.6151354160E+05      4.3085938270E+06      2            1.000000000000000E+002
ic2_148060_2          2.6285466160E+05      4.3085938270E+06      2            1.000000000000000E+002
ic2_148068_2          2.6419578160E+05      4.3085938270E+06      2            1.000000000000000E+002
ic1_148076_2          2.6553690160E+05      4.3085938270E+06      1            1.000000000000000E+002
ic2_148084_2          2.6687802160E+05      4.3085938270E+06      2            1.000000000000000E+002
ic2_148092_2          2.6821914160E+05      4.3085938270E+06      2            1.000000000000000E+002
ic3_148100_2          2.6956026160E+05      4.3085938270E+06      3            1.000000000000000E+002
ic3_148108_2          2.7090138160E+05      4.3085938270E+06      3            1.000000000000000E+002
ic3_148116_2          2.7224250160E+05      4.3085938270E+06      3            1.000000000000000E+002
ic2_148140_2          2.7626586160E+05      4.3085938270E+06      2            1.000000000000000E+002
ic3_148148_2          2.7760698160E+05      4.3085938270E+06      3            1.000000000000000E+002
ic3_148156_2          2.7894810160E+05      4.3085938270E+06      3            1.000000000000000E+002
ic3_148164_2          2.8028922160E+05      4.3085938270E+06      3            1.000000000000000E+002
ic3_148188_2          2.8431258160E+05      4.3085938270E+06      3            1.000000000000000E+002
ic2_156020_2          2.5614906160E+05      4.3072527070E+06      2            1.000000000000000E+002
ic1_156028_2          2.5749018160E+05      4.3072527070E+06      1            1.000000000000000E+002
ic1_156036_2          2.5883130160E+05      4.3072527070E+06      1            1.000000000000000E+002
ic1_156044_2          2.6017242160E+05      4.3072527070E+06      1            1.000000000000000E+002
ic4_156052_2          2.6151354160E+05      4.3072527070E+06      4            1.000000000000000E+002
ic2_156060_2          2.6285466160E+05      4.3072527070E+06      2            1.000000000000000E+002
ic2_156068_2          2.6419578160E+05      4.3072527070E+06      2            1.000000000000000E+002
ic1_156076_2          2.6553690160E+05      4.3072527070E+06      1            1.000000000000000E+002
ic2_156084_2          2.6687802160E+05      4.3072527070E+06      2            1.000000000000000E+002
ic2_156092_2          2.6821914160E+05      4.3072527070E+06      2            1.000000000000000E+002
ic3_156108_2          2.7090138160E+05      4.3072527070E+06      3            1.000000000000000E+002
ic3_156116_2          2.7224250160E+05      4.3072527070E+06      3            1.000000000000000E+002
ic3_156148_2          2.7760698160E+05      4.3072527070E+06      3            1.000000000000000E+002
ic3_156156_2          2.7894810160E+05      4.3072527070E+06      3            1.000000000000000E+002
ic3_156164_2          2.8028922160E+05      4.3072527070E+06      3            1.000000000000000E+002
ic2_164020_2          2.5614906160E+05      4.3059115870E+06      2            1.000000000000000E+002
ic2_164028_2          2.5749018160E+05      4.3059115870E+06      2            1.000000000000000E+002
ic1_164036_2          2.5883130160E+05      4.3059115870E+06      1            1.000000000000000E+002
ic2_164044_2          2.6017242160E+05      4.3059115870E+06      2            1.000000000000000E+002
ic2_164052_2          2.6151354160E+05      4.3059115870E+06      2            1.000000000000000E+002
ic4_164076_2          2.6553690160E+05      4.3059115870E+06      4            1.000000000000000E+002
ic3_164092_2          2.6821914160E+05      4.3059115870E+06      3            1.000000000000000E+002
ic3_164100_2          2.6956026160E+05      4.3059115870E+06      3            1.000000000000000E+002
ic3_164116_2          2.7224250160E+05      4.3059115870E+06      3            1.000000000000000E+002
ic3_164124_2          2.7358362160E+05      4.3059115870E+06      3            1.000000000000000E+002
ic3_164148_2          2.7760698160E+05      4.3059115870E+06      3            1.000000000000000E+002
ic3_164156_2          2.7894810160E+05      4.3059115870E+06      3            1.000000000000000E+002
ic4_164164_2          2.8028922160E+05      4.3059115870E+06      4            1.000000000000000E+002
ic4_164172_2          2.8163034160E+05      4.3059115870E+06      4            1.000000000000000E+002
ic2_172020_2          2.5614906160E+05      4.3045704670E+06      2            1.000000000000000E+002
ic2_172028_2          2.5749018160E+05      4.3045704670E+06      2            1.000000000000000E+002
ic1_172036_2          2.5883130160E+05      4.3045704670E+06      1            1.000000000000000E+002
ic1_172044_2          2.6017242160E+05      4.3045704670E+06      1            1.000000000000000E+002
ic3_172148_2          2.7760698160E+05      4.3045704670E+06      3            1.000000000000000E+002
ic3_172156_2          2.7894810160E+05      4.3045704670E+06      3            1.000000000000000E+002
ic4_172164_2          2.8028922160E+05      4.3045704670E+06      4            1.000000000000000E+002
ic2_180028_2          2.5749018160E+05      4.3032293470E+06      2            1.000000000000000E+002
ic1_180036_2          2.5883130160E+05      4.3032293470E+06      1            1.000000000000000E+002
ic1_180044_2          2.6017242160E+05      4.3032293470E+06      1            1.000000000000000E+002
ic6_180060_2          2.6285466160E+05      4.3032293470E+06      6            1.000000000000000E+002
ic2_180068_2          2.6419578160E+05      4.3032293470E+06      2            1.000000000000000E+002
ic4_180156_2          2.7894810160E+05      4.3032293470E+06      4            1.000000000000000E+002
ic2_188028_2          2.5749018160E+05      4.3018882270E+06      2            1.000000000000000E+002
ic2_188036_2          2.5883130160E+05      4.3018882270E+06      2            1.000000000000000E+002
ic1_188044_2          2.6017242160E+05      4.3018882270E+06      1            1.000000000000000E+002
ic2_188052_2          2.6151354160E+05      4.3018882270E+06      2            1.000000000000000E+002
ic4_188068_2          2.6419578160E+05      4.3018882270E+06      4            1.000000000000000E+002
ic2_196028_2          2.5749018160E+05      4.3005471070E+06      2            1.000000000000000E+002
ic1_196036_2          2.5883130160E+05      4.3005471070E+06      1            1.000000000000000E+002
ic2_196044_2          2.6017242160E+05      4.3005471070E+06      2            1.000000000000000E+002
ic2_196052_2          2.6151354160E+05      4.3005471070E+06      2            1.000000000000000E+002
ic4_196060_2          2.6285466160E+05      4.3005471070E+06      4            1.000000000000000E+002
ic4_196068_2          2.6419578160E+05      4.3005471070E+06      4            1.000000000000000E+002
ic2_204028_2          2.5749018160E+05      4.2992059870E+06      2            1.000000000000000E+002
ic2_204036_2          2.5883130160E+05      4.2992059870E+06      2            1.000000000000000E+002
ic4_204044_2          2.6017242160E+05      4.2992059870E+06      4            1.000000000000000E+002
ic2_204052_2          2.6151354160E+05      4.2992059870E+06      2            1.000000000000000E+002
ic2_204060_2          2.6285466160E+05      4.2992059870E+06      2            1.000000000000000E+002
ic4_204068_2          2.6419578160E+05      4.2992059870E+06      4            1.000000000000000E+002
ic2_212020_2          2.5614906160E+05      4.2978648670E+06      2            1.000000000000000E+002
ic2_212028_2          2.5749018160E+05      4.2978648670E+06      2            1.000000000000000E+002
ic4_212036_2          2.5883130160E+05      4.2978648670E+06      4            1.000000000000000E+002
ic4_212044_2          2.6017242160E+05      4.2978648670E+06      4            1.000000000000000E+002
ic2_212052_2          2.6151354160E+05      4.2978648670E+06      2            1.000000000000000E+002
ic4_212060_2          2.6285466160E+05      4.2978648670E+06      4            1.000000000000000E+002
ic4_212068_2          2.6419578160E+05      4.2978648670E+06      4            1.000000000000000E+002
ic2_220020_2          2.5614906160E+05      4.2965237470E+06      2            1.000000000000000E+002
ic2_220028_2          2.5749018160E+05      4.2965237470E+06      2            1.000000000000000E+002
ic2_220036_2          2.5883130160E+05      4.2965237470E+06      2            1.000000000000000E+002
ic4_220044_2          2.6017242160E+05      4.2965237470E+06      4            1.000000000000000E+002
ic4_220052_2          2.6151354160E+05      4.2965237470E+06      4            1.000000000000000E+002
ic2_228012_2          2.5480794160E+05      4.2951826270E+06      2            1.000000000000000E+002
ic2_228020_2          2.5614906160E+05      4.2951826270E+06      2            1.000000000000000E+002
ic2_228028_2          2.5749018160E+05      4.2951826270E+06      2            1.000000000000000E+002
ic2_228036_2          2.5883130160E+05      4.2951826270E+06      2            1.000000000000000E+002
ic4_228044_2          2.6017242160E+05      4.2951826270E+06      4            1.000000000000000E+002
ic4_228052_2          2.6151354160E+05      4.2951826270E+06      4            1.000000000000000E+002
ic2_236012_2          2.5480794160E+05      4.2938415070E+06      2            1.000000000000000E+002
ic2_236020_2          2.5614906160E+05      4.2938415070E+06      2            1.000000000000000E+002
ic4_236028_2          2.5749018160E+05      4.2938415070E+06      4            1.000000000000000E+002
ic4_236036_2          2.5883130160E+05      4.2938415070E+06      4            1.000000000000000E+002
ic4_236044_2          2.6017242160E+05      4.2938415070E+06      4            1.000000000000000E+002
ic2_244012_2          2.5480794160E+05      4.2925003870E+06      2            1.000000000000000E+002
ic2_244020_2          2.5614906160E+05      4.2925003870E+06      2            1.000000000000000E+002
ic4_244028_2          2.5749018160E+05      4.2925003870E+06      4            1.000000000000000E+002
ic4_244036_2          2.5883130160E+05      4.2925003870E+06      4            1.000000000000000E+002
ic4_244044_2          2.6017242160E+05      4.2925003870E+06      4            1.000000000000000E+002
ic2_252012_2          2.5480794160E+05      4.2911592670E+06      2            1.000000000000000E+002
ic4_252020_2          2.5614906160E+05      4.2911592670E+06      4            1.000000000000000E+002
ic4_252028_2          2.5749018160E+05      4.2911592670E+06      4            1.000000000000000E+002
ic4_252036_2          2.5883130160E+05      4.2911592670E+06      4            1.000000000000000E+002
ic4_252044_2          2.6017242160E+05      4.2911592670E+06      4            1.000000000000000E+002
