hk1_002042_1          2.5983714160E+05      4.3330692670E+06      1            1.000000000000000E+000
hk2_002047_1          2.6067534160E+05      4.3330692670E+06      2            1.000000000000000E+000
hk2_007037_1          2.5899894160E+05      4.3322310670E+06      2            1.000000000000000E+000
hk2_007042_1          2.5983714160E+05      4.3322310670E+06      2            1.000000000000000E+000
hk2_007047_1          2.6067534160E+05      4.3322310670E+06      2            1.000000000000000E+000
hk1_007052_1          2.6151354160E+05      4.3322310670E+06      1            1.000000000000000E+000
hk1_007057_1          2.6235174160E+05      4.3322310670E+06      1            1.000000000000000E+000
hk2_007062_1          2.6318994160E+05      4.3322310670E+06      2            1.000000000000000E+000
hk2_012037_1          2.5899894160E+05      4.3313928670E+06      2            1.000000000000000E+000
hk2_012042_1          2.5983714160E+05      4.3313928670E+06      2            1.000000000000000E+000
hk2_012047_1          2.6067534160E+05      4.3313928670E+06      2            1.000000000000000E+000
hk2_012052_1          2.6151354160E+05      4.3313928670E+06      2            1.000000000000000E+000
hk1_012057_1          2.6235174160E+05      4.3313928670E+06      1            1.000000000000000E+000
hk2_012062_1          2.6318994160E+05      4.3313928670E+06      2            1.000000000000000E+000
hk2_017012_1          2.5480794160E+05      4.3305546670E+06      2            1.000000000000000E+000
hk2_017017_1          2.5564614160E+05      4.3305546670E+06      2            1.000000000000000E+000
hk2_017022_1          2.5648434160E+05      4.3305546670E+06      2            1.000000000000000E+000
hk2_017027_1          2.5732254160E+05      4.3305546670E+06      2            1.000000000000000E+000
hk2_017032_1          2.5816074160E+05      4.3305546670E+06      2            1.000000000000000E+000
hk2_017037_1          2.5899894160E+05      4.3305546670E+06      2            1.000000000000000E+000
hk2_017042_1          2.5983714160E+05      4.3305546670E+06      2            1.000000000000000E+000
hk2_017047_1          2.6067534160E+05      4.3305546670E+06      2            1.000000000000000E+000
hk1_017052_1          2.6151354160E+05      4.3305546670E+06      1            1.000000000000000E+000
hk1_017057_1          2.6235174160E+05      4.3305546670E+06      1            1.000000000000000E+000
hk1_017062_1          2.6318994160E+05      4.3305546670E+06      1            1.000000000000000E+000
hk2_017067_1          2.6402814160E+05      4.3305546670E+06      2            1.000000000000000E+000
hk2_017117_1          2.7241014160E+05      4.3305546670E+06      2            1.000000000000000E+000
hk2_017122_1          2.7324834160E+05      4.3305546670E+06      2            1.000000000000000E+000
hk2_017127_1          2.7408654160E+05      4.3305546670E+06      2            1.000000000000000E+000
hk2_022007_1          2.5396974160E+05      4.3297164670E+06      2            1.000000000000000E+000
hk2_022012_1          2.5480794160E+05      4.3297164670E+06      2            1.000000000000000E+000
hk2_022017_1          2.5564614160E+05      4.3297164670E+06      2            1.000000000000000E+000
hk2_022022_1          2.5648434160E+05      4.3297164670E+06      2            1.000000000000000E+000
hk2_022027_1          2.5732254160E+05      4.3297164670E+06      2            1.000000000000000E+000
hk2_022032_1          2.5816074160E+05      4.3297164670E+06      2            1.000000000000000E+000
hk2_022037_1          2.5899894160E+05      4.3297164670E+06      2            1.000000000000000E+000
hk2_022047_1          2.6067534160E+05      4.3297164670E+06      2            1.000000000000000E+000
hk1_022052_1          2.6151354160E+05      4.3297164670E+06      1            1.000000000000000E+000
hk1_022057_1          2.6235174160E+05      4.3297164670E+06      1            1.000000000000000E+000
hk1_022062_1          2.6318994160E+05      4.3297164670E+06      1            1.000000000000000E+000
hk2_022112_1          2.7157194160E+05      4.3297164670E+06      2            1.000000000000000E+000
hk2_022122_1          2.7324834160E+05      4.3297164670E+06      2            1.000000000000000E+000
hk2_022127_1          2.7408654160E+05      4.3297164670E+06      2            1.000000000000000E+000
hk2_027007_1          2.5396974160E+05      4.3288782670E+06      2            1.000000000000000E+000
hk2_027012_1          2.5480794160E+05      4.3288782670E+06      2            1.000000000000000E+000
hk2_027017_1          2.5564614160E+05      4.3288782670E+06      2            1.000000000000000E+000
hk2_027022_1          2.5648434160E+05      4.3288782670E+06      2            1.000000000000000E+000
hk2_027027_1          2.5732254160E+05      4.3288782670E+06      2            1.000000000000000E+000
hk2_027032_1          2.5816074160E+05      4.3288782670E+06      2            1.000000000000000E+000
hk2_027037_1          2.5899894160E+05      4.3288782670E+06      2            1.000000000000000E+000
hk2_027042_1          2.5983714160E+05      4.3288782670E+06      2            1.000000000000000E+000
hk1_027047_1          2.6067534160E+05      4.3288782670E+06      1            1.000000000000000E+000
hk1_027052_1          2.6151354160E+05      4.3288782670E+06      1            1.000000000000000E+000
hk1_027057_1          2.6235174160E+05      4.3288782670E+06      1            1.000000000000000E+000
hk2_027062_1          2.6318994160E+05      4.3288782670E+06      2            1.000000000000000E+000
hk2_027127_1          2.7408654160E+05      4.3288782670E+06      2            1.000000000000000E+000
hk2_032007_1          2.5396974160E+05      4.3280400670E+06      2            1.000000000000000E+000
hk2_032012_1          2.5480794160E+05      4.3280400670E+06      2            1.000000000000000E+000
hk2_032017_1          2.5564614160E+05      4.3280400670E+06      2            1.000000000000000E+000
hk2_032022_1          2.5648434160E+05      4.3280400670E+06      2            1.000000000000000E+000
hk2_032027_1          2.5732254160E+05      4.3280400670E+06      2            1.000000000000000E+000
hk2_032032_1          2.5816074160E+05      4.3280400670E+06      2            1.000000000000000E+000
hk2_032037_1          2.5899894160E+05      4.3280400670E+06      2            1.000000000000000E+000
hk1_032042_1          2.5983714160E+05      4.3280400670E+06      1            1.000000000000000E+000
hk1_032047_1          2.6067534160E+05      4.3280400670E+06      1            1.000000000000000E+000
hk1_032052_1          2.6151354160E+05      4.3280400670E+06      1            1.000000000000000E+000
hk1_032057_1          2.6235174160E+05      4.3280400670E+06      1            1.000000000000000E+000
hk2_032062_1          2.6318994160E+05      4.3280400670E+06      2            1.000000000000000E+000
hk2_032127_1          2.7408654160E+05      4.3280400670E+06      2            1.000000000000000E+000
hk2_037012_1          2.5480794160E+05      4.3272018670E+06      2            1.000000000000000E+000
hk2_037017_1          2.5564614160E+05      4.3272018670E+06      2            1.000000000000000E+000
hk2_037027_1          2.5732254160E+05      4.3272018670E+06      2            1.000000000000000E+000
hk2_037032_1          2.5816074160E+05      4.3272018670E+06      2            1.000000000000000E+000
hk1_037037_1          2.5899894160E+05      4.3272018670E+06      1            1.000000000000000E+000
hk1_037042_1          2.5983714160E+05      4.3272018670E+06      1            1.000000000000000E+000
hk1_037047_1          2.6067534160E+05      4.3272018670E+06      1            1.000000000000000E+000
hk1_037052_1          2.6151354160E+05      4.3272018670E+06      1            1.000000000000000E+000
hk1_037057_1          2.6235174160E+05      4.3272018670E+06      1            1.000000000000000E+000
hk2_037062_1          2.6318994160E+05      4.3272018670E+06      2            1.000000000000000E+000
hk2_037087_1          2.6738094160E+05      4.3272018670E+06      2            1.000000000000000E+000
hk2_037092_1          2.6821914160E+05      4.3272018670E+06      2            1.000000000000000E+000
hk2_037097_1          2.6905734160E+05      4.3272018670E+06      2            1.000000000000000E+000
hk2_042012_1          2.5480794160E+05      4.3263636670E+06      2            1.000000000000000E+000
hk2_042017_1          2.5564614160E+05      4.3263636670E+06      2            1.000000000000000E+000
hk2_042022_1          2.5648434160E+05      4.3263636670E+06      2            1.000000000000000E+000
hk2_042027_1          2.5732254160E+05      4.3263636670E+06      2            1.000000000000000E+000
hk2_042032_1          2.5816074160E+05      4.3263636670E+06      2            1.000000000000000E+000
hk1_042037_1          2.5899894160E+05      4.3263636670E+06      1            1.000000000000000E+000
hk1_042042_1          2.5983714160E+05      4.3263636670E+06      1            1.000000000000000E+000
hk1_042047_1          2.6067534160E+05      4.3263636670E+06      1            1.000000000000000E+000
hk2_042052_1          2.6151354160E+05      4.3263636670E+06      2            1.000000000000000E+000
hk2_042057_1          2.6235174160E+05      4.3263636670E+06      2            1.000000000000000E+000
hk2_042062_1          2.6318994160E+05      4.3263636670E+06      2            1.000000000000000E+000
hk2_042082_1          2.6654274160E+05      4.3263636670E+06      2            1.000000000000000E+000
hk2_042092_1          2.6821914160E+05      4.3263636670E+06      2            1.000000000000000E+000
hk2_042097_1          2.6905734160E+05      4.3263636670E+06      2            1.000000000000000E+000
hk2_047017_1          2.5564614160E+05      4.3255254670E+06      2            1.000000000000000E+000
hk1_047022_1          2.5648434160E+05      4.3255254670E+06      1            1.000000000000000E+000
hk1_047027_1          2.5732254160E+05      4.3255254670E+06      1            1.000000000000000E+000
hk1_047032_1          2.5816074160E+05      4.3255254670E+06      1            1.000000000000000E+000
hk1_047037_1          2.5899894160E+05      4.3255254670E+06      1            1.000000000000000E+000
hk1_047042_1          2.5983714160E+05      4.3255254670E+06      1            1.000000000000000E+000
hk2_047047_1          2.6067534160E+05      4.3255254670E+06      2            1.000000000000000E+000
hk2_047052_1          2.6151354160E+05      4.3255254670E+06      2            1.000000000000000E+000
hk2_047057_1          2.6235174160E+05      4.3255254670E+06      2            1.000000000000000E+000
hk2_047062_1          2.6318994160E+05      4.3255254670E+06      2            1.000000000000000E+000
hk2_047067_1          2.6402814160E+05      4.3255254670E+06      2            1.000000000000000E+000
hk2_047072_1          2.6486634160E+05      4.3255254670E+06      2            1.000000000000000E+000
hk2_047077_1          2.6570454160E+05      4.3255254670E+06      2            1.000000000000000E+000
hk2_047082_1          2.6654274160E+05      4.3255254670E+06      2            1.000000000000000E+000
hk2_047097_1          2.6905734160E+05      4.3255254670E+06      2            1.000000000000000E+000
hk2_052012_1          2.5480794160E+05      4.3246872670E+06      2            1.000000000000000E+000
hk1_052017_1          2.5564614160E+05      4.3246872670E+06      1            1.000000000000000E+000
hk1_052022_1          2.5648434160E+05      4.3246872670E+06      1            1.000000000000000E+000
hk1_052027_1          2.5732254160E+05      4.3246872670E+06      1            1.000000000000000E+000
hk1_052032_1          2.5816074160E+05      4.3246872670E+06      1            1.000000000000000E+000
hk2_052037_1          2.5899894160E+05      4.3246872670E+06      2            1.000000000000000E+000
hk2_052042_1          2.5983714160E+05      4.3246872670E+06      2            1.000000000000000E+000
hk2_052047_1          2.6067534160E+05      4.3246872670E+06      2            1.000000000000000E+000
hk2_052052_1          2.6151354160E+05      4.3246872670E+06      2            1.000000000000000E+000
hk2_052057_1          2.6235174160E+05      4.3246872670E+06      2            1.000000000000000E+000
hk2_052062_1          2.6318994160E+05      4.3246872670E+06      2            1.000000000000000E+000
hk2_052067_1          2.6402814160E+05      4.3246872670E+06      2            1.000000000000000E+000
hk2_052072_1          2.6486634160E+05      4.3246872670E+06      2            1.000000000000000E+000
hk2_052077_1          2.6570454160E+05      4.3246872670E+06      2            1.000000000000000E+000
hk2_052097_1          2.6905734160E+05      4.3246872670E+06      2            1.000000000000000E+000
hk2_057012_1          2.5480794160E+05      4.3238490670E+06      2            1.000000000000000E+000
hk1_057017_1          2.5564614160E+05      4.3238490670E+06      1            1.000000000000000E+000
hk1_057022_1          2.5648434160E+05      4.3238490670E+06      1            1.000000000000000E+000
hk1_057027_1          2.5732254160E+05      4.3238490670E+06      1            1.000000000000000E+000
hk1_057032_1          2.5816074160E+05      4.3238490670E+06      1            1.000000000000000E+000
hk2_057037_1          2.5899894160E+05      4.3238490670E+06      2            1.000000000000000E+000
hk2_057042_1          2.5983714160E+05      4.3238490670E+06      2            1.000000000000000E+000
hk2_057047_1          2.6067534160E+05      4.3238490670E+06      2            1.000000000000000E+000
hk2_057052_1          2.6151354160E+05      4.3238490670E+06      2            1.000000000000000E+000
hk2_057057_1          2.6235174160E+05      4.3238490670E+06      2            1.000000000000000E+000
hk2_057062_1          2.6318994160E+05      4.3238490670E+06      2            1.000000000000000E+000
hk2_057067_1          2.6402814160E+05      4.3238490670E+06      2            1.000000000000000E+000
hk2_057072_1          2.6486634160E+05      4.3238490670E+06      2            1.000000000000000E+000
hk2_057097_1          2.6905734160E+05      4.3238490670E+06      2            1.000000000000000E+000
hk2_057102_1          2.6989554160E+05      4.3238490670E+06      2            1.000000000000000E+000
hk2_062007_1          2.5396974160E+05      4.3230108670E+06      2            1.000000000000000E+000
hk1_062012_1          2.5480794160E+05      4.3230108670E+06      1            1.000000000000000E+000
hk1_062017_1          2.5564614160E+05      4.3230108670E+06      1            1.000000000000000E+000
hk1_062022_1          2.5648434160E+05      4.3230108670E+06      1            1.000000000000000E+000
hk1_062027_1          2.5732254160E+05      4.3230108670E+06      1            1.000000000000000E+000
hk1_062032_1          2.5816074160E+05      4.3230108670E+06      1            1.000000000000000E+000
hk1_062037_1          2.5899894160E+05      4.3230108670E+06      1            1.000000000000000E+000
hk2_062042_1          2.5983714160E+05      4.3230108670E+06      2            1.000000000000000E+000
hk2_062047_1          2.6067534160E+05      4.3230108670E+06      2            1.000000000000000E+000
hk2_062052_1          2.6151354160E+05      4.3230108670E+06      2            1.000000000000000E+000
hk2_062057_1          2.6235174160E+05      4.3230108670E+06      2            1.000000000000000E+000
hk2_062062_1          2.6318994160E+05      4.3230108670E+06      2            1.000000000000000E+000
hk2_062067_1          2.6402814160E+05      4.3230108670E+06      2            1.000000000000000E+000
hk2_062072_1          2.6486634160E+05      4.3230108670E+06      2            1.000000000000000E+000
hk2_062102_1          2.6989554160E+05      4.3230108670E+06      2            1.000000000000000E+000
hk2_067007_1          2.5396974160E+05      4.3221726670E+06      2            1.000000000000000E+000
hk1_067012_1          2.5480794160E+05      4.3221726670E+06      1            1.000000000000000E+000
hk1_067017_1          2.5564614160E+05      4.3221726670E+06      1            1.000000000000000E+000
hk1_067022_1          2.5648434160E+05      4.3221726670E+06      1            1.000000000000000E+000
hk1_067027_1          2.5732254160E+05      4.3221726670E+06      1            1.000000000000000E+000
hk1_067032_1          2.5816074160E+05      4.3221726670E+06      1            1.000000000000000E+000
hk1_067037_1          2.5899894160E+05      4.3221726670E+06      1            1.000000000000000E+000
hk2_067042_1          2.5983714160E+05      4.3221726670E+06      2            1.000000000000000E+000
hk2_067047_1          2.6067534160E+05      4.3221726670E+06      2            1.000000000000000E+000
hk2_067052_1          2.6151354160E+05      4.3221726670E+06      2            1.000000000000000E+000
hk2_067057_1          2.6235174160E+05      4.3221726670E+06      2            1.000000000000000E+000
hk2_067062_1          2.6318994160E+05      4.3221726670E+06      2            1.000000000000000E+000
hk2_067067_1          2.6402814160E+05      4.3221726670E+06      2            1.000000000000000E+000
hk2_067072_1          2.6486634160E+05      4.3221726670E+06      2            1.000000000000000E+000
hk2_067102_1          2.6989554160E+05      4.3221726670E+06      2            1.000000000000000E+000
hk2_072002_1          2.5313154160E+05      4.3213344670E+06      2            1.000000000000000E+000
hk2_072007_1          2.5396974160E+05      4.3213344670E+06      2            1.000000000000000E+000
hk1_072012_1          2.5480794160E+05      4.3213344670E+06      1            1.000000000000000E+000
hk1_072017_1          2.5564614160E+05      4.3213344670E+06      1            1.000000000000000E+000
hk1_072022_1          2.5648434160E+05      4.3213344670E+06      1            1.000000000000000E+000
hk1_072027_1          2.5732254160E+05      4.3213344670E+06      1            1.000000000000000E+000
hk1_072032_1          2.5816074160E+05      4.3213344670E+06      1            1.000000000000000E+000
hk2_072037_1          2.5899894160E+05      4.3213344670E+06      2            1.000000000000000E+000
hk2_072042_1          2.5983714160E+05      4.3213344670E+06      2            1.000000000000000E+000
hk2_072047_1          2.6067534160E+05      4.3213344670E+06      2            1.000000000000000E+000
hk2_072052_1          2.6151354160E+05      4.3213344670E+06      2            1.000000000000000E+000
hk2_072057_1          2.6235174160E+05      4.3213344670E+06      2            1.000000000000000E+000
hk2_072062_1          2.6318994160E+05      4.3213344670E+06      2            1.000000000000000E+000
hk2_072067_1          2.6402814160E+05      4.3213344670E+06      2            1.000000000000000E+000
hk2_072072_1          2.6486634160E+05      4.3213344670E+06      2            1.000000000000000E+000
hk2_072077_1          2.6570454160E+05      4.3213344670E+06      2            1.000000000000000E+000
hk2_072082_1          2.6654274160E+05      4.3213344670E+06      2            1.000000000000000E+000
hk2_072097_1          2.6905734160E+05      4.3213344670E+06      2            1.000000000000000E+000
hk2_077007_1          2.5396974160E+05      4.3204962670E+06      2            1.000000000000000E+000
hk1_077012_1          2.5480794160E+05      4.3204962670E+06      1            1.000000000000000E+000
hk1_077017_1          2.5564614160E+05      4.3204962670E+06      1            1.000000000000000E+000
hk1_077022_1          2.5648434160E+05      4.3204962670E+06      1            1.000000000000000E+000
hk1_077027_1          2.5732254160E+05      4.3204962670E+06      1            1.000000000000000E+000
hk1_077032_1          2.5816074160E+05      4.3204962670E+06      1            1.000000000000000E+000
hk1_077037_1          2.5899894160E+05      4.3204962670E+06      1            1.000000000000000E+000
hk2_077042_1          2.5983714160E+05      4.3204962670E+06      2            1.000000000000000E+000
hk2_077047_1          2.6067534160E+05      4.3204962670E+06      2            1.000000000000000E+000
hk2_077052_1          2.6151354160E+05      4.3204962670E+06      2            1.000000000000000E+000
hk2_077057_1          2.6235174160E+05      4.3204962670E+06      2            1.000000000000000E+000
hk2_077062_1          2.6318994160E+05      4.3204962670E+06      2            1.000000000000000E+000
hk2_077067_1          2.6402814160E+05      4.3204962670E+06      2            1.000000000000000E+000
hk2_077072_1          2.6486634160E+05      4.3204962670E+06      2            1.000000000000000E+000
hk2_077077_1          2.6570454160E+05      4.3204962670E+06      2            1.000000000000000E+000
hk2_077082_1          2.6654274160E+05      4.3204962670E+06      2            1.000000000000000E+000
hk1_082012_1          2.5480794160E+05      4.3196580670E+06      1            1.000000000000000E+000
hk1_082017_1          2.5564614160E+05      4.3196580670E+06      1            1.000000000000000E+000
hk1_082022_1          2.5648434160E+05      4.3196580670E+06      1            1.000000000000000E+000
hk1_082027_1          2.5732254160E+05      4.3196580670E+06      1            1.000000000000000E+000
hk1_082032_1          2.5816074160E+05      4.3196580670E+06      1            1.000000000000000E+000
hk1_082037_1          2.5899894160E+05      4.3196580670E+06      1            1.000000000000000E+000
hk2_082042_1          2.5983714160E+05      4.3196580670E+06      2            1.000000000000000E+000
hk2_082047_1          2.6067534160E+05      4.3196580670E+06      2            1.000000000000000E+000
hk2_082052_1          2.6151354160E+05      4.3196580670E+06      2            1.000000000000000E+000
hk2_082057_1          2.6235174160E+05      4.3196580670E+06      2            1.000000000000000E+000
hk2_082062_1          2.6318994160E+05      4.3196580670E+06      2            1.000000000000000E+000
hk2_082067_1          2.6402814160E+05      4.3196580670E+06      2            1.000000000000000E+000
hk2_082072_1          2.6486634160E+05      4.3196580670E+06      2            1.000000000000000E+000
hk2_082077_1          2.6570454160E+05      4.3196580670E+06      2            1.000000000000000E+000
hk3_082097_1          2.6905734160E+05      4.3196580670E+06      3            1.000000000000000E+000
hk2_082107_1          2.7073374160E+05      4.3196580670E+06      2            1.000000000000000E+000
hk1_087012_1          2.5480794160E+05      4.3188198670E+06      1            1.000000000000000E+000
hk1_087017_1          2.5564614160E+05      4.3188198670E+06      1            1.000000000000000E+000
hk1_087022_1          2.5648434160E+05      4.3188198670E+06      1            1.000000000000000E+000
hk1_087027_1          2.5732254160E+05      4.3188198670E+06      1            1.000000000000000E+000
hk1_087032_1          2.5816074160E+05      4.3188198670E+06      1            1.000000000000000E+000
hk1_087037_1          2.5899894160E+05      4.3188198670E+06      1            1.000000000000000E+000
hk1_087042_1          2.5983714160E+05      4.3188198670E+06      1            1.000000000000000E+000
hk2_087047_1          2.6067534160E+05      4.3188198670E+06      2            1.000000000000000E+000
hk2_087052_1          2.6151354160E+05      4.3188198670E+06      2            1.000000000000000E+000
hk2_087057_1          2.6235174160E+05      4.3188198670E+06      2            1.000000000000000E+000
hk2_087062_1          2.6318994160E+05      4.3188198670E+06      2            1.000000000000000E+000
hk2_087067_1          2.6402814160E+05      4.3188198670E+06      2            1.000000000000000E+000
hk2_087072_1          2.6486634160E+05      4.3188198670E+06      2            1.000000000000000E+000
hk2_087077_1          2.6570454160E+05      4.3188198670E+06      2            1.000000000000000E+000
hk2_087082_1          2.6654274160E+05      4.3188198670E+06      2            1.000000000000000E+000
hk2_087087_1          2.6738094160E+05      4.3188198670E+06      2            1.000000000000000E+000
hk2_087102_1          2.6989554160E+05      4.3188198670E+06      2            1.000000000000000E+000
hk2_087187_1          2.8414494160E+05      4.3188198670E+06      2            1.000000000000000E+000
hk1_092012_1          2.5480794160E+05      4.3179816670E+06      1            1.000000000000000E+000
hk1_092017_1          2.5564614160E+05      4.3179816670E+06      1            1.000000000000000E+000
hk1_092022_1          2.5648434160E+05      4.3179816670E+06      1            1.000000000000000E+000
hk1_092027_1          2.5732254160E+05      4.3179816670E+06      1            1.000000000000000E+000
hk1_092032_1          2.5816074160E+05      4.3179816670E+06      1            1.000000000000000E+000
hk1_092037_1          2.5899894160E+05      4.3179816670E+06      1            1.000000000000000E+000
hk1_092042_1          2.5983714160E+05      4.3179816670E+06      1            1.000000000000000E+000
hk2_092047_1          2.6067534160E+05      4.3179816670E+06      2            1.000000000000000E+000
hk2_092052_1          2.6151354160E+05      4.3179816670E+06      2            1.000000000000000E+000
hk2_092057_1          2.6235174160E+05      4.3179816670E+06      2            1.000000000000000E+000
hk2_092062_1          2.6318994160E+05      4.3179816670E+06      2            1.000000000000000E+000
hk2_092067_1          2.6402814160E+05      4.3179816670E+06      2            1.000000000000000E+000
hk2_092072_1          2.6486634160E+05      4.3179816670E+06      2            1.000000000000000E+000
hk2_092077_1          2.6570454160E+05      4.3179816670E+06      2            1.000000000000000E+000
hk2_092082_1          2.6654274160E+05      4.3179816670E+06      2            1.000000000000000E+000
hk2_092087_1          2.6738094160E+05      4.3179816670E+06      2            1.000000000000000E+000
hk2_092092_1          2.6821914160E+05      4.3179816670E+06      2            1.000000000000000E+000
hk2_092097_1          2.6905734160E+05      4.3179816670E+06      2            1.000000000000000E+000
hk2_092117_1          2.7241014160E+05      4.3179816670E+06      2            1.000000000000000E+000
hk2_092187_1          2.8414494160E+05      4.3179816670E+06      2            1.000000000000000E+000
hk2_092192_1          2.8498314160E+05      4.3179816670E+06      2            1.000000000000000E+000
hk2_097007_1          2.5396974160E+05      4.3171434670E+06      2            1.000000000000000E+000
hk1_097012_1          2.5480794160E+05      4.3171434670E+06      1            1.000000000000000E+000
hk1_097017_1          2.5564614160E+05      4.3171434670E+06      1            1.000000000000000E+000
hk1_097022_1          2.5648434160E+05      4.3171434670E+06      1            1.000000000000000E+000
hk1_097027_1          2.5732254160E+05      4.3171434670E+06      1            1.000000000000000E+000
hk1_097032_1          2.5816074160E+05      4.3171434670E+06      1            1.000000000000000E+000
hk1_097037_1          2.5899894160E+05      4.3171434670E+06      1            1.000000000000000E+000
hk1_097042_1          2.5983714160E+05      4.3171434670E+06      1            1.000000000000000E+000
hk1_097047_1          2.6067534160E+05      4.3171434670E+06      1            1.000000000000000E+000
hk2_097052_1          2.6151354160E+05      4.3171434670E+06      2            1.000000000000000E+000
hk2_097057_1          2.6235174160E+05      4.3171434670E+06      2            1.000000000000000E+000
hk2_097062_1          2.6318994160E+05      4.3171434670E+06      2            1.000000000000000E+000
hk2_097067_1          2.6402814160E+05      4.3171434670E+06      2            1.000000000000000E+000
hk2_097072_1          2.6486634160E+05      4.3171434670E+06      2            1.000000000000000E+000
hk2_097077_1          2.6570454160E+05      4.3171434670E+06      2            1.000000000000000E+000
hk2_097082_1          2.6654274160E+05      4.3171434670E+06      2            1.000000000000000E+000
hk2_097087_1          2.6738094160E+05      4.3171434670E+06      2            1.000000000000000E+000
hk2_097187_1          2.8414494160E+05      4.3171434670E+06      2            1.000000000000000E+000
hk2_097192_1          2.8498314160E+05      4.3171434670E+06      2            1.000000000000000E+000
hk2_102007_1          2.5396974160E+05      4.3163052670E+06      2            1.000000000000000E+000
hk1_102012_1          2.5480794160E+05      4.3163052670E+06      1            1.000000000000000E+000
hk1_102017_1          2.5564614160E+05      4.3163052670E+06      1            1.000000000000000E+000
hk1_102022_1          2.5648434160E+05      4.3163052670E+06      1            1.000000000000000E+000
hk1_102027_1          2.5732254160E+05      4.3163052670E+06      1            1.000000000000000E+000
hk1_102032_1          2.5816074160E+05      4.3163052670E+06      1            1.000000000000000E+000
hk1_102037_1          2.5899894160E+05      4.3163052670E+06      1            1.000000000000000E+000
hk1_102042_1          2.5983714160E+05      4.3163052670E+06      1            1.000000000000000E+000
hk1_102047_1          2.6067534160E+05      4.3163052670E+06      1            1.000000000000000E+000
hk2_102052_1          2.6151354160E+05      4.3163052670E+06      2            1.000000000000000E+000
hk2_102057_1          2.6235174160E+05      4.3163052670E+06      2            1.000000000000000E+000
hk2_102062_1          2.6318994160E+05      4.3163052670E+06      2            1.000000000000000E+000
hk2_102067_1          2.6402814160E+05      4.3163052670E+06      2            1.000000000000000E+000
hk2_102072_1          2.6486634160E+05      4.3163052670E+06      2            1.000000000000000E+000
hk2_102077_1          2.6570454160E+05      4.3163052670E+06      2            1.000000000000000E+000
hk2_102092_1          2.6821914160E+05      4.3163052670E+06      2            1.000000000000000E+000
hk2_102122_1          2.7324834160E+05      4.3163052670E+06      2            1.000000000000000E+000
hk2_102187_1          2.8414494160E+05      4.3163052670E+06      2            1.000000000000000E+000
hk2_102192_1          2.8498314160E+05      4.3163052670E+06      2            1.000000000000000E+000
hk2_107007_1          2.5396974160E+05      4.3154670670E+06      2            1.000000000000000E+000
hk1_107012_1          2.5480794160E+05      4.3154670670E+06      1            1.000000000000000E+000
hk1_107017_1          2.5564614160E+05      4.3154670670E+06      1            1.000000000000000E+000
hk1_107022_1          2.5648434160E+05      4.3154670670E+06      1            1.000000000000000E+000
hk1_107027_1          2.5732254160E+05      4.3154670670E+06      1            1.000000000000000E+000
hk1_107032_1          2.5816074160E+05      4.3154670670E+06      1            1.000000000000000E+000
hk1_107037_1          2.5899894160E+05      4.3154670670E+06      1            1.000000000000000E+000
hk1_107042_1          2.5983714160E+05      4.3154670670E+06      1            1.000000000000000E+000
hk1_107047_1          2.6067534160E+05      4.3154670670E+06      1            1.000000000000000E+000
hk2_107052_1          2.6151354160E+05      4.3154670670E+06      2            1.000000000000000E+000
hk2_107057_1          2.6235174160E+05      4.3154670670E+06      2            1.000000000000000E+000
hk2_107062_1          2.6318994160E+05      4.3154670670E+06      2            1.000000000000000E+000
hk2_107067_1          2.6402814160E+05      4.3154670670E+06      2            1.000000000000000E+000
hk2_107072_1          2.6486634160E+05      4.3154670670E+06      2            1.000000000000000E+000
hk2_107077_1          2.6570454160E+05      4.3154670670E+06      2            1.000000000000000E+000
hk2_107082_1          2.6654274160E+05      4.3154670670E+06      2            1.000000000000000E+000
hk2_107087_1          2.6738094160E+05      4.3154670670E+06      2            1.000000000000000E+000
hk2_107097_1          2.6905734160E+05      4.3154670670E+06      2            1.000000000000000E+000
hk2_107107_1          2.7073374160E+05      4.3154670670E+06      2            1.000000000000000E+000
hk2_107127_1          2.7408654160E+05      4.3154670670E+06      2            1.000000000000000E+000
hk2_107187_1          2.8414494160E+05      4.3154670670E+06      2            1.000000000000000E+000
hk2_107192_1          2.8498314160E+05      4.3154670670E+06      2            1.000000000000000E+000
hk2_112007_1          2.5396974160E+05      4.3146288670E+06      2            1.000000000000000E+000
hk1_112012_1          2.5480794160E+05      4.3146288670E+06      1            1.000000000000000E+000
hk1_112017_1          2.5564614160E+05      4.3146288670E+06      1            1.000000000000000E+000
hk1_112022_1          2.5648434160E+05      4.3146288670E+06      1            1.000000000000000E+000
hk1_112027_1          2.5732254160E+05      4.3146288670E+06      1            1.000000000000000E+000
hk1_112032_1          2.5816074160E+05      4.3146288670E+06      1            1.000000000000000E+000
hk1_112037_1          2.5899894160E+05      4.3146288670E+06      1            1.000000000000000E+000
hk1_112042_1          2.5983714160E+05      4.3146288670E+06      1            1.000000000000000E+000
hk1_112047_1          2.6067534160E+05      4.3146288670E+06      1            1.000000000000000E+000
hk1_112052_1          2.6151354160E+05      4.3146288670E+06      1            1.000000000000000E+000
hk2_112057_1          2.6235174160E+05      4.3146288670E+06      2            1.000000000000000E+000
hk2_112062_1          2.6318994160E+05      4.3146288670E+06      2            1.000000000000000E+000
hk2_112067_1          2.6402814160E+05      4.3146288670E+06      2            1.000000000000000E+000
hk2_112072_1          2.6486634160E+05      4.3146288670E+06      2            1.000000000000000E+000
hk2_112077_1          2.6570454160E+05      4.3146288670E+06      2            1.000000000000000E+000
hk2_112092_1          2.6821914160E+05      4.3146288670E+06      2            1.000000000000000E+000
hk2_112107_1          2.7073374160E+05      4.3146288670E+06      2            1.000000000000000E+000
hk2_112112_1          2.7157194160E+05      4.3146288670E+06      2            1.000000000000000E+000
hk2_112127_1          2.7408654160E+05      4.3146288670E+06      2            1.000000000000000E+000
hk2_112132_1          2.7492474160E+05      4.3146288670E+06      2            1.000000000000000E+000
hk2_112187_1          2.8414494160E+05      4.3146288670E+06      2            1.000000000000000E+000
hk2_112192_1          2.8498314160E+05      4.3146288670E+06      2            1.000000000000000E+000
hk2_117007_1          2.5396974160E+05      4.3137906670E+06      2            1.000000000000000E+000
hk1_117012_1          2.5480794160E+05      4.3137906670E+06      1            1.000000000000000E+000
hk1_117017_1          2.5564614160E+05      4.3137906670E+06      1            1.000000000000000E+000
hk1_117022_1          2.5648434160E+05      4.3137906670E+06      1            1.000000000000000E+000
hk1_117027_1          2.5732254160E+05      4.3137906670E+06      1            1.000000000000000E+000
hk1_117032_1          2.5816074160E+05      4.3137906670E+06      1            1.000000000000000E+000
hk1_117037_1          2.5899894160E+05      4.3137906670E+06      1            1.000000000000000E+000
hk1_117042_1          2.5983714160E+05      4.3137906670E+06      1            1.000000000000000E+000
hk1_117047_1          2.6067534160E+05      4.3137906670E+06      1            1.000000000000000E+000
hk1_117052_1          2.6151354160E+05      4.3137906670E+06      1            1.000000000000000E+000
hk1_117057_1          2.6235174160E+05      4.3137906670E+06      1            1.000000000000000E+000
hk1_117062_1          2.6318994160E+05      4.3137906670E+06      1            1.000000000000000E+000
hk2_117067_1          2.6402814160E+05      4.3137906670E+06      2            1.000000000000000E+000
hk2_117072_1          2.6486634160E+05      4.3137906670E+06      2            1.000000000000000E+000
hk2_117077_1          2.6570454160E+05      4.3137906670E+06      2            1.000000000000000E+000
hk2_117082_1          2.6654274160E+05      4.3137906670E+06      2            1.000000000000000E+000
hk2_117107_1          2.7073374160E+05      4.3137906670E+06      2            1.000000000000000E+000
hk2_117112_1          2.7157194160E+05      4.3137906670E+06      2            1.000000000000000E+000
hk2_117117_1          2.7241014160E+05      4.3137906670E+06      2            1.000000000000000E+000
hk2_117132_1          2.7492474160E+05      4.3137906670E+06      2            1.000000000000000E+000
hk2_122002_1          2.5313154160E+05      4.3129524670E+06      2            1.000000000000000E+000
hk2_122007_1          2.5396974160E+05      4.3129524670E+06      2            1.000000000000000E+000
hk2_122012_1          2.5480794160E+05      4.3129524670E+06      2            1.000000000000000E+000
hk1_122017_1          2.5564614160E+05      4.3129524670E+06      1            1.000000000000000E+000
hk1_122022_1          2.5648434160E+05      4.3129524670E+06      1            1.000000000000000E+000
hk1_122027_1          2.5732254160E+05      4.3129524670E+06      1            1.000000000000000E+000
hk1_122032_1          2.5816074160E+05      4.3129524670E+06      1            1.000000000000000E+000
hk1_122037_1          2.5899894160E+05      4.3129524670E+06      1            1.000000000000000E+000
hk1_122042_1          2.5983714160E+05      4.3129524670E+06      1            1.000000000000000E+000
hk1_122047_1          2.6067534160E+05      4.3129524670E+06      1            1.000000000000000E+000
hk1_122052_1          2.6151354160E+05      4.3129524670E+06      1            1.000000000000000E+000
hk1_122057_1          2.6235174160E+05      4.3129524670E+06      1            1.000000000000000E+000
hk1_122062_1          2.6318994160E+05      4.3129524670E+06      1            1.000000000000000E+000
hk2_122067_1          2.6402814160E+05      4.3129524670E+06      2            1.000000000000000E+000
hk2_122072_1          2.6486634160E+05      4.3129524670E+06      2            1.000000000000000E+000
hk2_122077_1          2.6570454160E+05      4.3129524670E+06      2            1.000000000000000E+000
hk2_122082_1          2.6654274160E+05      4.3129524670E+06      2            1.000000000000000E+000
hk2_122087_1          2.6738094160E+05      4.3129524670E+06      2            1.000000000000000E+000
hk2_122097_1          2.6905734160E+05      4.3129524670E+06      2            1.000000000000000E+000
hk2_122102_1          2.6989554160E+05      4.3129524670E+06      2            1.000000000000000E+000
hk2_122107_1          2.7073374160E+05      4.3129524670E+06      2            1.000000000000000E+000
hk2_122112_1          2.7157194160E+05      4.3129524670E+06      2            1.000000000000000E+000
hk2_122137_1          2.7576294160E+05      4.3129524670E+06      2            1.000000000000000E+000
hk2_127002_1          2.5313154160E+05      4.3121142670E+06      2            1.000000000000000E+000
hk2_127007_1          2.5396974160E+05      4.3121142670E+06      2            1.000000000000000E+000
hk2_127012_1          2.5480794160E+05      4.3121142670E+06      2            1.000000000000000E+000
hk1_127017_1          2.5564614160E+05      4.3121142670E+06      1            1.000000000000000E+000
hk1_127022_1          2.5648434160E+05      4.3121142670E+06      1            1.000000000000000E+000
hk1_127027_1          2.5732254160E+05      4.3121142670E+06      1            1.000000000000000E+000
hk1_127032_1          2.5816074160E+05      4.3121142670E+06      1            1.000000000000000E+000
hk1_127037_1          2.5899894160E+05      4.3121142670E+06      1            1.000000000000000E+000
hk1_127042_1          2.5983714160E+05      4.3121142670E+06      1            1.000000000000000E+000
hk1_127047_1          2.6067534160E+05      4.3121142670E+06      1            1.000000000000000E+000
hk1_127052_1          2.6151354160E+05      4.3121142670E+06      1            1.000000000000000E+000
hk1_127057_1          2.6235174160E+05      4.3121142670E+06      1            1.000000000000000E+000
hk1_127062_1          2.6318994160E+05      4.3121142670E+06      1            1.000000000000000E+000
hk1_127067_1          2.6402814160E+05      4.3121142670E+06      1            1.000000000000000E+000
hk2_127072_1          2.6486634160E+05      4.3121142670E+06      2            1.000000000000000E+000
hk2_127077_1          2.6570454160E+05      4.3121142670E+06      2            1.000000000000000E+000
hk2_127082_1          2.6654274160E+05      4.3121142670E+06      2            1.000000000000000E+000
hk2_127087_1          2.6738094160E+05      4.3121142670E+06      2            1.000000000000000E+000
hk2_127107_1          2.7073374160E+05      4.3121142670E+06      2            1.000000000000000E+000
hk2_127112_1          2.7157194160E+05      4.3121142670E+06      2            1.000000000000000E+000
hk2_127117_1          2.7241014160E+05      4.3121142670E+06      2            1.000000000000000E+000
hk2_127137_1          2.7576294160E+05      4.3121142670E+06      2            1.000000000000000E+000
hk2_132007_1          2.5396974160E+05      4.3112760670E+06      2            1.000000000000000E+000
hk2_132012_1          2.5480794160E+05      4.3112760670E+06      2            1.000000000000000E+000
hk1_132017_1          2.5564614160E+05      4.3112760670E+06      1            1.000000000000000E+000
hk1_132022_1          2.5648434160E+05      4.3112760670E+06      1            1.000000000000000E+000
hk1_132027_1          2.5732254160E+05      4.3112760670E+06      1            1.000000000000000E+000
hk1_132032_1          2.5816074160E+05      4.3112760670E+06      1            1.000000000000000E+000
hk1_132037_1          2.5899894160E+05      4.3112760670E+06      1            1.000000000000000E+000
hk1_132042_1          2.5983714160E+05      4.3112760670E+06      1            1.000000000000000E+000
hk1_132047_1          2.6067534160E+05      4.3112760670E+06      1            1.000000000000000E+000
hk1_132052_1          2.6151354160E+05      4.3112760670E+06      1            1.000000000000000E+000
hk1_132057_1          2.6235174160E+05      4.3112760670E+06      1            1.000000000000000E+000
hk1_132062_1          2.6318994160E+05      4.3112760670E+06      1            1.000000000000000E+000
hk1_132067_1          2.6402814160E+05      4.3112760670E+06      1            1.000000000000000E+000
hk1_132072_1          2.6486634160E+05      4.3112760670E+06      1            1.000000000000000E+000
hk2_132077_1          2.6570454160E+05      4.3112760670E+06      2            1.000000000000000E+000
hk2_132082_1          2.6654274160E+05      4.3112760670E+06      2            1.000000000000000E+000
hk2_132087_1          2.6738094160E+05      4.3112760670E+06      2            1.000000000000000E+000
hk2_132112_1          2.7157194160E+05      4.3112760670E+06      2            1.000000000000000E+000
hk2_132117_1          2.7241014160E+05      4.3112760670E+06      2            1.000000000000000E+000
hk2_132137_1          2.7576294160E+05      4.3112760670E+06      2            1.000000000000000E+000
hk2_137007_1          2.5396974160E+05      4.3104378670E+06      2            1.000000000000000E+000
hk2_137012_1          2.5480794160E+05      4.3104378670E+06      2            1.000000000000000E+000
hk2_137017_1          2.5564614160E+05      4.3104378670E+06      2            1.000000000000000E+000
hk1_137022_1          2.5648434160E+05      4.3104378670E+06      1            1.000000000000000E+000
hk1_137027_1          2.5732254160E+05      4.3104378670E+06      1            1.000000000000000E+000
hk1_137032_1          2.5816074160E+05      4.3104378670E+06      1            1.000000000000000E+000
hk1_137037_1          2.5899894160E+05      4.3104378670E+06      1            1.000000000000000E+000
hk1_137042_1          2.5983714160E+05      4.3104378670E+06      1            1.000000000000000E+000
hk2_137047_1          2.6067534160E+05      4.3104378670E+06      2            1.000000000000000E+000
hk2_137052_1          2.6151354160E+05      4.3104378670E+06      2            1.000000000000000E+000
hk2_137057_1          2.6235174160E+05      4.3104378670E+06      2            1.000000000000000E+000
hk2_137062_1          2.6318994160E+05      4.3104378670E+06      2            1.000000000000000E+000
hk1_137067_1          2.6402814160E+05      4.3104378670E+06      1            1.000000000000000E+000
hk1_137072_1          2.6486634160E+05      4.3104378670E+06      1            1.000000000000000E+000
hk2_137077_1          2.6570454160E+05      4.3104378670E+06      2            1.000000000000000E+000
hk2_137082_1          2.6654274160E+05      4.3104378670E+06      2            1.000000000000000E+000
hk2_137087_1          2.6738094160E+05      4.3104378670E+06      2            1.000000000000000E+000
hk2_137137_1          2.7576294160E+05      4.3104378670E+06      2            1.000000000000000E+000
hk2_137142_1          2.7660114160E+05      4.3104378670E+06      2            1.000000000000000E+000
hk2_142002_1          2.5313154160E+05      4.3095996670E+06      2            1.000000000000000E+000
hk2_142007_1          2.5396974160E+05      4.3095996670E+06      2            1.000000000000000E+000
hk2_142012_1          2.5480794160E+05      4.3095996670E+06      2            1.000000000000000E+000
hk2_142017_1          2.5564614160E+05      4.3095996670E+06      2            1.000000000000000E+000
hk1_142022_1          2.5648434160E+05      4.3095996670E+06      1            1.000000000000000E+000
hk1_142027_1          2.5732254160E+05      4.3095996670E+06      1            1.000000000000000E+000
hk1_142032_1          2.5816074160E+05      4.3095996670E+06      1            1.000000000000000E+000
hk1_142037_1          2.5899894160E+05      4.3095996670E+06      1            1.000000000000000E+000
hk1_142042_1          2.5983714160E+05      4.3095996670E+06      1            1.000000000000000E+000
hk2_142047_1          2.6067534160E+05      4.3095996670E+06      2            1.000000000000000E+000
hk2_142052_1          2.6151354160E+05      4.3095996670E+06      2            1.000000000000000E+000
hk2_142057_1          2.6235174160E+05      4.3095996670E+06      2            1.000000000000000E+000
hk2_142062_1          2.6318994160E+05      4.3095996670E+06      2            1.000000000000000E+000
hk2_142067_1          2.6402814160E+05      4.3095996670E+06      2            1.000000000000000E+000
hk1_142072_1          2.6486634160E+05      4.3095996670E+06      1            1.000000000000000E+000
hk1_142077_1          2.6570454160E+05      4.3095996670E+06      1            1.000000000000000E+000
hk2_142082_1          2.6654274160E+05      4.3095996670E+06      2            1.000000000000000E+000
hk2_142087_1          2.6738094160E+05      4.3095996670E+06      2            1.000000000000000E+000
hk2_142097_1          2.6905734160E+05      4.3095996670E+06      2            1.000000000000000E+000
hk2_142102_1          2.6989554160E+05      4.3095996670E+06      2            1.000000000000000E+000
hk2_142137_1          2.7576294160E+05      4.3095996670E+06      2            1.000000000000000E+000
hk2_142142_1          2.7660114160E+05      4.3095996670E+06      2            1.000000000000000E+000
hk2_147007_1          2.5396974160E+05      4.3087614670E+06      2            1.000000000000000E+000
hk2_147012_1          2.5480794160E+05      4.3087614670E+06      2            1.000000000000000E+000
hk2_147017_1          2.5564614160E+05      4.3087614670E+06      2            1.000000000000000E+000
hk1_147022_1          2.5648434160E+05      4.3087614670E+06      1            1.000000000000000E+000
hk1_147027_1          2.5732254160E+05      4.3087614670E+06      1            1.000000000000000E+000
hk1_147032_1          2.5816074160E+05      4.3087614670E+06      1            1.000000000000000E+000
hk1_147037_1          2.5899894160E+05      4.3087614670E+06      1            1.000000000000000E+000
hk2_147042_1          2.5983714160E+05      4.3087614670E+06      2            1.000000000000000E+000
hk2_147047_1          2.6067534160E+05      4.3087614670E+06      2            1.000000000000000E+000
hk2_147052_1          2.6151354160E+05      4.3087614670E+06      2            1.000000000000000E+000
hk2_147057_1          2.6235174160E+05      4.3087614670E+06      2            1.000000000000000E+000
hk2_147062_1          2.6318994160E+05      4.3087614670E+06      2            1.000000000000000E+000
hk2_147067_1          2.6402814160E+05      4.3087614670E+06      2            1.000000000000000E+000
hk1_147072_1          2.6486634160E+05      4.3087614670E+06      1            1.000000000000000E+000
hk1_147077_1          2.6570454160E+05      4.3087614670E+06      1            1.000000000000000E+000
hk2_147082_1          2.6654274160E+05      4.3087614670E+06      2            1.000000000000000E+000
hk2_147087_1          2.6738094160E+05      4.3087614670E+06      2            1.000000000000000E+000
hk2_147132_1          2.7492474160E+05      4.3087614670E+06      2            1.000000000000000E+000
hk2_147137_1          2.7576294160E+05      4.3087614670E+06      2            1.000000000000000E+000
hk2_152007_1          2.5396974160E+05      4.3079232670E+06      2            1.000000000000000E+000
hk2_152012_1          2.5480794160E+05      4.3079232670E+06      2            1.000000000000000E+000
hk2_152017_1          2.5564614160E+05      4.3079232670E+06      2            1.000000000000000E+000
hk2_152022_1          2.5648434160E+05      4.3079232670E+06      2            1.000000000000000E+000
hk1_152027_1          2.5732254160E+05      4.3079232670E+06      1            1.000000000000000E+000
hk1_152032_1          2.5816074160E+05      4.3079232670E+06      1            1.000000000000000E+000
hk1_152037_1          2.5899894160E+05      4.3079232670E+06      1            1.000000000000000E+000
hk1_152042_1          2.5983714160E+05      4.3079232670E+06      1            1.000000000000000E+000
hk2_152047_1          2.6067534160E+05      4.3079232670E+06      2            1.000000000000000E+000
hk2_152052_1          2.6151354160E+05      4.3079232670E+06      2            1.000000000000000E+000
hk2_152057_1          2.6235174160E+05      4.3079232670E+06      2            1.000000000000000E+000
hk2_152062_1          2.6318994160E+05      4.3079232670E+06      2            1.000000000000000E+000
hk2_152067_1          2.6402814160E+05      4.3079232670E+06      2            1.000000000000000E+000
hk2_152072_1          2.6486634160E+05      4.3079232670E+06      2            1.000000000000000E+000
hk2_152077_1          2.6570454160E+05      4.3079232670E+06      2            1.000000000000000E+000
hk2_152082_1          2.6654274160E+05      4.3079232670E+06      2            1.000000000000000E+000
hk2_152087_1          2.6738094160E+05      4.3079232670E+06      2            1.000000000000000E+000
hk2_152092_1          2.6821914160E+05      4.3079232670E+06      2            1.000000000000000E+000
hk2_152097_1          2.6905734160E+05      4.3079232670E+06      2            1.000000000000000E+000
hk2_157017_1          2.5564614160E+05      4.3070850670E+06      2            1.000000000000000E+000
hk2_157022_1          2.5648434160E+05      4.3070850670E+06      2            1.000000000000000E+000
hk2_157027_1          2.5732254160E+05      4.3070850670E+06      2            1.000000000000000E+000
hk1_157032_1          2.5816074160E+05      4.3070850670E+06      1            1.000000000000000E+000
hk1_157037_1          2.5899894160E+05      4.3070850670E+06      1            1.000000000000000E+000
hk1_157042_1          2.5983714160E+05      4.3070850670E+06      1            1.000000000000000E+000
hk2_157047_1          2.6067534160E+05      4.3070850670E+06      2            1.000000000000000E+000
hk2_157057_1          2.6235174160E+05      4.3070850670E+06      2            1.000000000000000E+000
hk2_157062_1          2.6318994160E+05      4.3070850670E+06      2            1.000000000000000E+000
hk2_157067_1          2.6402814160E+05      4.3070850670E+06      2            1.000000000000000E+000
hk2_157072_1          2.6486634160E+05      4.3070850670E+06      2            1.000000000000000E+000
hk1_157077_1          2.6570454160E+05      4.3070850670E+06      1            1.000000000000000E+000
hk2_157082_1          2.6654274160E+05      4.3070850670E+06      2            1.000000000000000E+000
hk2_157087_1          2.6738094160E+05      4.3070850670E+06      2            1.000000000000000E+000
hk2_157092_1          2.6821914160E+05      4.3070850670E+06      2            1.000000000000000E+000
hk2_162017_1          2.5564614160E+05      4.3062468670E+06      2            1.000000000000000E+000
hk2_162022_1          2.5648434160E+05      4.3062468670E+06      2            1.000000000000000E+000
hk2_162027_1          2.5732254160E+05      4.3062468670E+06      2            1.000000000000000E+000
hk1_162032_1          2.5816074160E+05      4.3062468670E+06      1            1.000000000000000E+000
hk1_162037_1          2.5899894160E+05      4.3062468670E+06      1            1.000000000000000E+000
hk1_162042_1          2.5983714160E+05      4.3062468670E+06      1            1.000000000000000E+000
hk1_162047_1          2.6067534160E+05      4.3062468670E+06      1            1.000000000000000E+000
hk2_162052_1          2.6151354160E+05      4.3062468670E+06      2            1.000000000000000E+000
hk2_162057_1          2.6235174160E+05      4.3062468670E+06      2            1.000000000000000E+000
hk2_162062_1          2.6318994160E+05      4.3062468670E+06      2            1.000000000000000E+000
hk2_167022_1          2.5648434160E+05      4.3054086670E+06      2            1.000000000000000E+000
hk2_167027_1          2.5732254160E+05      4.3054086670E+06      2            1.000000000000000E+000
hk1_167032_1          2.5816074160E+05      4.3054086670E+06      1            1.000000000000000E+000
hk1_167037_1          2.5899894160E+05      4.3054086670E+06      1            1.000000000000000E+000
hk2_167042_1          2.5983714160E+05      4.3054086670E+06      2            1.000000000000000E+000
hk1_167047_1          2.6067534160E+05      4.3054086670E+06      1            1.000000000000000E+000
hk2_167052_1          2.6151354160E+05      4.3054086670E+06      2            1.000000000000000E+000
hk2_167057_1          2.6235174160E+05      4.3054086670E+06      2            1.000000000000000E+000
hk2_167072_1          2.6486634160E+05      4.3054086670E+06      2            1.000000000000000E+000
hk2_172022_1          2.5648434160E+05      4.3045704670E+06      2            1.000000000000000E+000
hk2_172027_1          2.5732254160E+05      4.3045704670E+06      2            1.000000000000000E+000
hk2_172032_1          2.5816074160E+05      4.3045704670E+06      2            1.000000000000000E+000
hk2_172037_1          2.5899894160E+05      4.3045704670E+06      2            1.000000000000000E+000
hk2_172042_1          2.5983714160E+05      4.3045704670E+06      2            1.000000000000000E+000
hk1_172047_1          2.6067534160E+05      4.3045704670E+06      1            1.000000000000000E+000
hk2_177027_1          2.5732254160E+05      4.3037322670E+06      2            1.000000000000000E+000
hk2_177032_1          2.5816074160E+05      4.3037322670E+06      2            1.000000000000000E+000
hk2_177037_1          2.5899894160E+05      4.3037322670E+06      2            1.000000000000000E+000
hk1_177042_1          2.5983714160E+05      4.3037322670E+06      1            1.000000000000000E+000
hk1_177047_1          2.6067534160E+05      4.3037322670E+06      1            1.000000000000000E+000
hk2_177067_1          2.6402814160E+05      4.3037322670E+06      2            1.000000000000000E+000
hk2_182027_1          2.5732254160E+05      4.3028940670E+06      2            1.000000000000000E+000
hk2_182032_1          2.5816074160E+05      4.3028940670E+06      2            1.000000000000000E+000
hk1_182037_1          2.5899894160E+05      4.3028940670E+06      1            1.000000000000000E+000
hk1_182042_1          2.5983714160E+05      4.3028940670E+06      1            1.000000000000000E+000
hk1_182047_1          2.6067534160E+05      4.3028940670E+06      1            1.000000000000000E+000
hk6_182057_1          2.6235174160E+05      4.3028940670E+06      6            1.000000000000000E+000
hk2_182067_1          2.6402814160E+05      4.3028940670E+06      2            1.000000000000000E+000
hk2_187027_1          2.5732254160E+05      4.3020558670E+06      2            1.000000000000000E+000
hk2_187032_1          2.5816074160E+05      4.3020558670E+06      2            1.000000000000000E+000
hk2_187037_1          2.5899894160E+05      4.3020558670E+06      2            1.000000000000000E+000
hk2_187042_1          2.5983714160E+05      4.3020558670E+06      2            1.000000000000000E+000
hk1_187047_1          2.6067534160E+05      4.3020558670E+06      1            1.000000000000000E+000
hk2_187052_1          2.6151354160E+05      4.3020558670E+06      2            1.000000000000000E+000
hk6_187057_1          2.6235174160E+05      4.3020558670E+06      6            1.000000000000000E+000
hk2_187062_1          2.6318994160E+05      4.3020558670E+06      2            1.000000000000000E+000
hk2_187067_1          2.6402814160E+05      4.3020558670E+06      2            1.000000000000000E+000
hk2_192027_1          2.5732254160E+05      4.3012176670E+06      2            1.000000000000000E+000
hk2_192032_1          2.5816074160E+05      4.3012176670E+06      2            1.000000000000000E+000
hk1_192037_1          2.5899894160E+05      4.3012176670E+06      1            1.000000000000000E+000
hk1_192042_1          2.5983714160E+05      4.3012176670E+06      1            1.000000000000000E+000
hk2_192047_1          2.6067534160E+05      4.3012176670E+06      2            1.000000000000000E+000
hk2_192052_1          2.6151354160E+05      4.3012176670E+06      2            1.000000000000000E+000
hk2_192067_1          2.6402814160E+05      4.3012176670E+06      2            1.000000000000000E+000
hk2_197027_1          2.5732254160E+05      4.3003794670E+06      2            1.000000000000000E+000
hk2_197032_1          2.5816074160E+05      4.3003794670E+06      2            1.000000000000000E+000
hk1_197037_1          2.5899894160E+05      4.3003794670E+06      1            1.000000000000000E+000
hk2_197042_1          2.5983714160E+05      4.3003794670E+06      2            1.000000000000000E+000
hk2_197047_1          2.6067534160E+05      4.3003794670E+06      2            1.000000000000000E+000
hk2_197052_1          2.6151354160E+05      4.3003794670E+06      2            1.000000000000000E+000
hk2_202027_1          2.5732254160E+05      4.2995412670E+06      2            1.000000000000000E+000
hk2_202032_1          2.5816074160E+05      4.2995412670E+06      2            1.000000000000000E+000
hk2_202037_1          2.5899894160E+05      4.2995412670E+06      2            1.000000000000000E+000
hk1_202042_1          2.5983714160E+05      4.2995412670E+06      1            1.000000000000000E+000
hk2_202047_1          2.6067534160E+05      4.2995412670E+06      2            1.000000000000000E+000
hk2_202052_1          2.6151354160E+05      4.2995412670E+06      2            1.000000000000000E+000
hk2_202062_1          2.6318994160E+05      4.2995412670E+06      2            1.000000000000000E+000
hk2_207022_1          2.5648434160E+05      4.2987030670E+06      2            1.000000000000000E+000
hk2_207027_1          2.5732254160E+05      4.2987030670E+06      2            1.000000000000000E+000
hk2_207032_1          2.5816074160E+05      4.2987030670E+06      2            1.000000000000000E+000
hk2_207037_1          2.5899894160E+05      4.2987030670E+06      2            1.000000000000000E+000
hk2_207047_1          2.6067534160E+05      4.2987030670E+06      2            1.000000000000000E+000
hk2_212022_1          2.5648434160E+05      4.2978648670E+06      2            1.000000000000000E+000
hk2_212027_1          2.5732254160E+05      4.2978648670E+06      2            1.000000000000000E+000
hk2_212032_1          2.5816074160E+05      4.2978648670E+06      2            1.000000000000000E+000
hk2_212042_1          2.5983714160E+05      4.2978648670E+06      2            1.000000000000000E+000
hk2_212052_1          2.6151354160E+05      4.2978648670E+06      2            1.000000000000000E+000
hk2_217017_1          2.5564614160E+05      4.2970266670E+06      2            1.000000000000000E+000
hk2_217022_1          2.5648434160E+05      4.2970266670E+06      2            1.000000000000000E+000
hk2_217027_1          2.5732254160E+05      4.2970266670E+06      2            1.000000000000000E+000
hk2_222017_1          2.5564614160E+05      4.2961884670E+06      2            1.000000000000000E+000
hk2_222022_1          2.5648434160E+05      4.2961884670E+06      2            1.000000000000000E+000
hk2_222027_1          2.5732254160E+05      4.2961884670E+06      2            1.000000000000000E+000
hk2_222032_1          2.5816074160E+05      4.2961884670E+06      2            1.000000000000000E+000
hk2_222037_1          2.5899894160E+05      4.2961884670E+06      2            1.000000000000000E+000
hk2_222047_1          2.6067534160E+05      4.2961884670E+06      2            1.000000000000000E+000
hk2_227012_1          2.5480794160E+05      4.2953502670E+06      2            1.000000000000000E+000
hk2_227017_1          2.5564614160E+05      4.2953502670E+06      2            1.000000000000000E+000
hk2_227022_1          2.5648434160E+05      4.2953502670E+06      2            1.000000000000000E+000
hk2_227027_1          2.5732254160E+05      4.2953502670E+06      2            1.000000000000000E+000
hk2_227032_1          2.5816074160E+05      4.2953502670E+06      2            1.000000000000000E+000
hk2_227037_1          2.5899894160E+05      4.2953502670E+06      2            1.000000000000000E+000
hk2_227042_1          2.5983714160E+05      4.2953502670E+06      2            1.000000000000000E+000
hk2_232012_1          2.5480794160E+05      4.2945120670E+06      2            1.000000000000000E+000
hk2_232017_1          2.5564614160E+05      4.2945120670E+06      2            1.000000000000000E+000
hk2_232022_1          2.5648434160E+05      4.2945120670E+06      2            1.000000000000000E+000
hk2_232032_1          2.5816074160E+05      4.2945120670E+06      2            1.000000000000000E+000
hk2_237012_1          2.5480794160E+05      4.2936738670E+06      2            1.000000000000000E+000
hk2_237017_1          2.5564614160E+05      4.2936738670E+06      2            1.000000000000000E+000
hk2_237027_1          2.5732254160E+05      4.2936738670E+06      2            1.000000000000000E+000
hk2_237032_1          2.5816074160E+05      4.2936738670E+06      2            1.000000000000000E+000
hk2_242012_1          2.5480794160E+05      4.2928356670E+06      2            1.000000000000000E+000
hk2_247012_1          2.5480794160E+05      4.2919974670E+06      2            1.000000000000000E+000
hk2_247017_1          2.5564614160E+05      4.2919974670E+06      2            1.000000000000000E+000
hk2_247022_1          2.5648434160E+05      4.2919974670E+06      2            1.000000000000000E+000
hk2_252012_1          2.5480794160E+05      4.2911592670E+06      2            1.000000000000000E+000
hk2_252017_1          2.5564614160E+05      4.2911592670E+06      2            1.000000000000000E+000
