va3_005035_3          2.5866366160E+05      4.3325663470E+06      3            1.000000000000000E+000
va3_005045_3          2.6034006160E+05      4.3325663470E+06      3            1.000000000000000E+000
va3_005055_3          2.6201646160E+05      4.3325663470E+06      3            1.000000000000000E+000
va3_015035_3          2.5866366160E+05      4.3308899470E+06      3            1.000000000000000E+000
va3_015045_3          2.6034006160E+05      4.3308899470E+06      3            1.000000000000000E+000
va3_015055_3          2.6201646160E+05      4.3308899470E+06      3            1.000000000000000E+000
va3_015065_3          2.6369286160E+05      4.3308899470E+06      3            1.000000000000000E+000
va3_015125_3          2.7375126160E+05      4.3308899470E+06      3            1.000000000000000E+000
va3_015135_3          2.7542766160E+05      4.3308899470E+06      3            1.000000000000000E+000
va3_025015_3          2.5531086160E+05      4.3292135470E+06      3            1.000000000000000E+000
va3_025025_3          2.5698726160E+05      4.3292135470E+06      3            1.000000000000000E+000
va3_025035_3          2.5866366160E+05      4.3292135470E+06      3            1.000000000000000E+000
va3_025045_3          2.6034006160E+05      4.3292135470E+06      3            1.000000000000000E+000
va3_025055_3          2.6201646160E+05      4.3292135470E+06      3            1.000000000000000E+000
va3_025115_3          2.7207486160E+05      4.3292135470E+06      3            1.000000000000000E+000
va3_025125_3          2.7375126160E+05      4.3292135470E+06      3            1.000000000000000E+000
va3_025135_3          2.7542766160E+05      4.3292135470E+06      3            1.000000000000000E+000
va3_035015_3          2.5531086160E+05      4.3275371470E+06      3            1.000000000000000E+000
va3_035025_3          2.5698726160E+05      4.3275371470E+06      3            1.000000000000000E+000
va3_035035_3          2.5866366160E+05      4.3275371470E+06      3            1.000000000000000E+000
va3_035045_3          2.6034006160E+05      4.3275371470E+06      3            1.000000000000000E+000
va3_035055_3          2.6201646160E+05      4.3275371470E+06      3            1.000000000000000E+000
va3_035095_3          2.6872206160E+05      4.3275371470E+06      3            1.000000000000000E+000
va3_035105_3          2.7039846160E+05      4.3275371470E+06      3            1.000000000000000E+000
va3_035115_3          2.7207486160E+05      4.3275371470E+06      3            1.000000000000000E+000
va3_035125_3          2.7375126160E+05      4.3275371470E+06      3            1.000000000000000E+000
va3_035145_3          2.7710406160E+05      4.3275371470E+06      3            1.000000000000000E+000
va3_045015_3          2.5531086160E+05      4.3258607470E+06      3            1.000000000000000E+000
va3_045025_3          2.5698726160E+05      4.3258607470E+06      3            1.000000000000000E+000
va3_045035_3          2.5866366160E+05      4.3258607470E+06      3            1.000000000000000E+000
va3_045045_3          2.6034006160E+05      4.3258607470E+06      3            1.000000000000000E+000
va3_045055_3          2.6201646160E+05      4.3258607470E+06      3            1.000000000000000E+000
va3_045065_3          2.6369286160E+05      4.3258607470E+06      3            1.000000000000000E+000
va3_045075_3          2.6536926160E+05      4.3258607470E+06      3            1.000000000000000E+000
va3_045085_3          2.6704566160E+05      4.3258607470E+06      3            1.000000000000000E+000
va3_045095_3          2.6872206160E+05      4.3258607470E+06      3            1.000000000000000E+000
va3_045105_3          2.7039846160E+05      4.3258607470E+06      3            1.000000000000000E+000
va3_045115_3          2.7207486160E+05      4.3258607470E+06      3            1.000000000000000E+000
va3_045125_3          2.7375126160E+05      4.3258607470E+06      3            1.000000000000000E+000
va3_045135_3          2.7542766160E+05      4.3258607470E+06      3            1.000000000000000E+000
va3_045155_3          2.7878046160E+05      4.3258607470E+06      3            1.000000000000000E+000
va3_055015_3          2.5531086160E+05      4.3241843470E+06      3            1.000000000000000E+000
va3_055025_3          2.5698726160E+05      4.3241843470E+06      3            1.000000000000000E+000
va1_055035_3          2.5866366160E+05      4.3241843470E+06      1            1.000000000000000E+000
va1_055045_3          2.6034006160E+05      4.3241843470E+06      1            1.000000000000000E+000
va3_055055_3          2.6201646160E+05      4.3241843470E+06      3            1.000000000000000E+000
va3_055065_3          2.6369286160E+05      4.3241843470E+06      3            1.000000000000000E+000
va3_055075_3          2.6536926160E+05      4.3241843470E+06      3            1.000000000000000E+000
va3_055085_3          2.6704566160E+05      4.3241843470E+06      3            1.000000000000000E+000
va3_055095_3          2.6872206160E+05      4.3241843470E+06      3            1.000000000000000E+000
va3_055105_3          2.7039846160E+05      4.3241843470E+06      3            1.000000000000000E+000
va3_055115_3          2.7207486160E+05      4.3241843470E+06      3            1.000000000000000E+000
va3_055125_3          2.7375126160E+05      4.3241843470E+06      3            1.000000000000000E+000
va3_055155_3          2.7878046160E+05      4.3241843470E+06      3            1.000000000000000E+000
va3_055175_3          2.8213326160E+05      4.3241843470E+06      3            1.000000000000000E+000
va3_055185_3          2.8380966160E+05      4.3241843470E+06      3            1.000000000000000E+000
va3_065005_3          2.5363446160E+05      4.3225079470E+06      3            1.000000000000000E+000
va3_065015_3          2.5531086160E+05      4.3225079470E+06      3            1.000000000000000E+000
va3_065025_3          2.5698726160E+05      4.3225079470E+06      3            1.000000000000000E+000
va1_065035_3          2.5866366160E+05      4.3225079470E+06      1            1.000000000000000E+000
va1_065045_3          2.6034006160E+05      4.3225079470E+06      1            1.000000000000000E+000
va3_065055_3          2.6201646160E+05      4.3225079470E+06      3            1.000000000000000E+000
va3_065065_3          2.6369286160E+05      4.3225079470E+06      3            1.000000000000000E+000
va3_065075_3          2.6536926160E+05      4.3225079470E+06      3            1.000000000000000E+000
va3_065085_3          2.6704566160E+05      4.3225079470E+06      3            1.000000000000000E+000
va3_065095_3          2.6872206160E+05      4.3225079470E+06      3            1.000000000000000E+000
va3_065105_3          2.7039846160E+05      4.3225079470E+06      3            1.000000000000000E+000
va3_065115_3          2.7207486160E+05      4.3225079470E+06      3            1.000000000000000E+000
va3_065125_3          2.7375126160E+05      4.3225079470E+06      3            1.000000000000000E+000
va3_065155_3          2.7878046160E+05      4.3225079470E+06      3            1.000000000000000E+000
va3_065175_3          2.8213326160E+05      4.3225079470E+06      3            1.000000000000000E+000
va3_065185_3          2.8380966160E+05      4.3225079470E+06      3            1.000000000000000E+000
va3_065195_3          2.8548606160E+05      4.3225079470E+06      3            1.000000000000000E+000
va3_075005_3          2.5363446160E+05      4.3208315470E+06      3            1.000000000000000E+000
va3_075015_3          2.5531086160E+05      4.3208315470E+06      3            1.000000000000000E+000
va1_075025_3          2.5698726160E+05      4.3208315470E+06      1            1.000000000000000E+000
va1_075035_3          2.5866366160E+05      4.3208315470E+06      1            1.000000000000000E+000
va1_075045_3          2.6034006160E+05      4.3208315470E+06      1            1.000000000000000E+000
va3_075055_3          2.6201646160E+05      4.3208315470E+06      3            1.000000000000000E+000
va3_075065_3          2.6369286160E+05      4.3208315470E+06      3            1.000000000000000E+000
va3_075075_3          2.6536926160E+05      4.3208315470E+06      3            1.000000000000000E+000
va3_075085_3          2.6704566160E+05      4.3208315470E+06      3            1.000000000000000E+000
va3_075095_3          2.6872206160E+05      4.3208315470E+06      3            1.000000000000000E+000
va3_075105_3          2.7039846160E+05      4.3208315470E+06      3            1.000000000000000E+000
va3_075115_3          2.7207486160E+05      4.3208315470E+06      3            1.000000000000000E+000
va3_075125_3          2.7375126160E+05      4.3208315470E+06      3            1.000000000000000E+000
va3_075135_3          2.7542766160E+05      4.3208315470E+06      3            1.000000000000000E+000
va3_075155_3          2.7878046160E+05      4.3208315470E+06      3            1.000000000000000E+000
va3_075175_3          2.8213326160E+05      4.3208315470E+06      3            1.000000000000000E+000
va3_075185_3          2.8380966160E+05      4.3208315470E+06      3            1.000000000000000E+000
va1_085015_3          2.5531086160E+05      4.3191551470E+06      1            1.000000000000000E+000
va1_085025_3          2.5698726160E+05      4.3191551470E+06      1            1.000000000000000E+000
va1_085035_3          2.5866366160E+05      4.3191551470E+06      1            1.000000000000000E+000
va1_085045_3          2.6034006160E+05      4.3191551470E+06      1            1.000000000000000E+000
va3_085055_3          2.6201646160E+05      4.3191551470E+06      3            1.000000000000000E+000
va3_085065_3          2.6369286160E+05      4.3191551470E+06      3            1.000000000000000E+000
va3_085075_3          2.6536926160E+05      4.3191551470E+06      3            1.000000000000000E+000
va3_085085_3          2.6704566160E+05      4.3191551470E+06      3            1.000000000000000E+000
va3_085095_3          2.6872206160E+05      4.3191551470E+06      3            1.000000000000000E+000
va3_085105_3          2.7039846160E+05      4.3191551470E+06      3            1.000000000000000E+000
va3_085115_3          2.7207486160E+05      4.3191551470E+06      3            1.000000000000000E+000
va3_085125_3          2.7375126160E+05      4.3191551470E+06      3            1.000000000000000E+000
va3_085135_3          2.7542766160E+05      4.3191551470E+06      3            1.000000000000000E+000
va3_085155_3          2.7878046160E+05      4.3191551470E+06      3            1.000000000000000E+000
va3_085165_3          2.8045686160E+05      4.3191551470E+06      3            1.000000000000000E+000
va3_085175_3          2.8213326160E+05      4.3191551470E+06      3            1.000000000000000E+000
va3_085185_3          2.8380966160E+05      4.3191551470E+06      3            1.000000000000000E+000
va3_095005_3          2.5363446160E+05      4.3174787470E+06      3            1.000000000000000E+000
va1_095015_3          2.5531086160E+05      4.3174787470E+06      1            1.000000000000000E+000
va1_095025_3          2.5698726160E+05      4.3174787470E+06      1            1.000000000000000E+000
va1_095035_3          2.5866366160E+05      4.3174787470E+06      1            1.000000000000000E+000
va1_095045_3          2.6034006160E+05      4.3174787470E+06      1            1.000000000000000E+000
va3_095055_3          2.6201646160E+05      4.3174787470E+06      3            1.000000000000000E+000
va3_095065_3          2.6369286160E+05      4.3174787470E+06      3            1.000000000000000E+000
va3_095075_3          2.6536926160E+05      4.3174787470E+06      3            1.000000000000000E+000
va3_095085_3          2.6704566160E+05      4.3174787470E+06      3            1.000000000000000E+000
va3_095095_3          2.6872206160E+05      4.3174787470E+06      3            1.000000000000000E+000
va3_095105_3          2.7039846160E+05      4.3174787470E+06      3            1.000000000000000E+000
va3_095115_3          2.7207486160E+05      4.3174787470E+06      3            1.000000000000000E+000
va3_095125_3          2.7375126160E+05      4.3174787470E+06      3            1.000000000000000E+000
va3_095135_3          2.7542766160E+05      4.3174787470E+06      3            1.000000000000000E+000
va3_095155_3          2.7878046160E+05      4.3174787470E+06      3            1.000000000000000E+000
va3_095165_3          2.8045686160E+05      4.3174787470E+06      3            1.000000000000000E+000
va3_095175_3          2.8213326160E+05      4.3174787470E+06      3            1.000000000000000E+000
va3_095185_3          2.8380966160E+05      4.3174787470E+06      3            1.000000000000000E+000
va1_105015_3          2.5531086160E+05      4.3158023470E+06      1            1.000000000000000E+000
va1_105025_3          2.5698726160E+05      4.3158023470E+06      1            1.000000000000000E+000
va1_105035_3          2.5866366160E+05      4.3158023470E+06      1            1.000000000000000E+000
va1_105045_3          2.6034006160E+05      4.3158023470E+06      1            1.000000000000000E+000
va3_105055_3          2.6201646160E+05      4.3158023470E+06      3            1.000000000000000E+000
va3_105065_3          2.6369286160E+05      4.3158023470E+06      3            1.000000000000000E+000
va3_105075_3          2.6536926160E+05      4.3158023470E+06      3            1.000000000000000E+000
va3_105085_3          2.6704566160E+05      4.3158023470E+06      3            1.000000000000000E+000
va3_105095_3          2.6872206160E+05      4.3158023470E+06      3            1.000000000000000E+000
va3_105105_3          2.7039846160E+05      4.3158023470E+06      3            1.000000000000000E+000
va3_105115_3          2.7207486160E+05      4.3158023470E+06      3            1.000000000000000E+000
va3_105125_3          2.7375126160E+05      4.3158023470E+06      3            1.000000000000000E+000
va3_105135_3          2.7542766160E+05      4.3158023470E+06      3            1.000000000000000E+000
va3_105145_3          2.7710406160E+05      4.3158023470E+06      3            1.000000000000000E+000
va3_105155_3          2.7878046160E+05      4.3158023470E+06      3            1.000000000000000E+000
va3_105165_3          2.8045686160E+05      4.3158023470E+06      3            1.000000000000000E+000
va3_105175_3          2.8213326160E+05      4.3158023470E+06      3            1.000000000000000E+000
va3_105185_3          2.8380966160E+05      4.3158023470E+06      3            1.000000000000000E+000
va3_105195_3          2.8548606160E+05      4.3158023470E+06      3            1.000000000000000E+000
va3_115005_3          2.5363446160E+05      4.3141259470E+06      3            1.000000000000000E+000
va1_115015_3          2.5531086160E+05      4.3141259470E+06      1            1.000000000000000E+000
va1_115025_3          2.5698726160E+05      4.3141259470E+06      1            1.000000000000000E+000
va1_115035_3          2.5866366160E+05      4.3141259470E+06      1            1.000000000000000E+000
va1_115045_3          2.6034006160E+05      4.3141259470E+06      1            1.000000000000000E+000
va3_115055_3          2.6201646160E+05      4.3141259470E+06      3            1.000000000000000E+000
va3_115065_3          2.6369286160E+05      4.3141259470E+06      3            1.000000000000000E+000
va3_115075_3          2.6536926160E+05      4.3141259470E+06      3            1.000000000000000E+000
va3_115085_3          2.6704566160E+05      4.3141259470E+06      3            1.000000000000000E+000
va3_115095_3          2.6872206160E+05      4.3141259470E+06      3            1.000000000000000E+000
va3_115105_3          2.7039846160E+05      4.3141259470E+06      3            1.000000000000000E+000
va3_115115_3          2.7207486160E+05      4.3141259470E+06      3            1.000000000000000E+000
va3_115125_3          2.7375126160E+05      4.3141259470E+06      3            1.000000000000000E+000
va3_115135_3          2.7542766160E+05      4.3141259470E+06      3            1.000000000000000E+000
va3_115145_3          2.7710406160E+05      4.3141259470E+06      3            1.000000000000000E+000
va3_115155_3          2.7878046160E+05      4.3141259470E+06      3            1.000000000000000E+000
va3_115165_3          2.8045686160E+05      4.3141259470E+06      3            1.000000000000000E+000
va3_115175_3          2.8213326160E+05      4.3141259470E+06      3            1.000000000000000E+000
va3_115185_3          2.8380966160E+05      4.3141259470E+06      3            1.000000000000000E+000
va3_125005_3          2.5363446160E+05      4.3124495470E+06      3            1.000000000000000E+000
va3_125015_3          2.5531086160E+05      4.3124495470E+06      3            1.000000000000000E+000
va1_125025_3          2.5698726160E+05      4.3124495470E+06      1            1.000000000000000E+000
va1_125035_3          2.5866366160E+05      4.3124495470E+06      1            1.000000000000000E+000
va3_125045_3          2.6034006160E+05      4.3124495470E+06      3            1.000000000000000E+000
va3_125055_3          2.6201646160E+05      4.3124495470E+06      3            1.000000000000000E+000
va3_125065_3          2.6369286160E+05      4.3124495470E+06      3            1.000000000000000E+000
va3_125075_3          2.6536926160E+05      4.3124495470E+06      3            1.000000000000000E+000
va3_125085_3          2.6704566160E+05      4.3124495470E+06      3            1.000000000000000E+000
va3_125095_3          2.6872206160E+05      4.3124495470E+06      3            1.000000000000000E+000
va3_125105_3          2.7039846160E+05      4.3124495470E+06      3            1.000000000000000E+000
va3_125115_3          2.7207486160E+05      4.3124495470E+06      3            1.000000000000000E+000
va3_125135_3          2.7542766160E+05      4.3124495470E+06      3            1.000000000000000E+000
va3_125145_3          2.7710406160E+05      4.3124495470E+06      3            1.000000000000000E+000
va3_125155_3          2.7878046160E+05      4.3124495470E+06      3            1.000000000000000E+000
va3_125165_3          2.8045686160E+05      4.3124495470E+06      3            1.000000000000000E+000
va3_125175_3          2.8213326160E+05      4.3124495470E+06      3            1.000000000000000E+000
va3_125185_3          2.8380966160E+05      4.3124495470E+06      3            1.000000000000000E+000
va3_135005_3          2.5363446160E+05      4.3107731470E+06      3            1.000000000000000E+000
va3_135015_3          2.5531086160E+05      4.3107731470E+06      3            1.000000000000000E+000
va1_135025_3          2.5698726160E+05      4.3107731470E+06      1            1.000000000000000E+000
va1_135035_3          2.5866366160E+05      4.3107731470E+06      1            1.000000000000000E+000
va3_135045_3          2.6034006160E+05      4.3107731470E+06      3            1.000000000000000E+000
va3_135055_3          2.6201646160E+05      4.3107731470E+06      3            1.000000000000000E+000
va3_135065_3          2.6369286160E+05      4.3107731470E+06      3            1.000000000000000E+000
va3_135075_3          2.6536926160E+05      4.3107731470E+06      3            1.000000000000000E+000
va3_135085_3          2.6704566160E+05      4.3107731470E+06      3            1.000000000000000E+000
va3_135095_3          2.6872206160E+05      4.3107731470E+06      3            1.000000000000000E+000
va3_135105_3          2.7039846160E+05      4.3107731470E+06      3            1.000000000000000E+000
va3_135115_3          2.7207486160E+05      4.3107731470E+06      3            1.000000000000000E+000
va3_135135_3          2.7542766160E+05      4.3107731470E+06      3            1.000000000000000E+000
va3_135145_3          2.7710406160E+05      4.3107731470E+06      3            1.000000000000000E+000
va3_135155_3          2.7878046160E+05      4.3107731470E+06      3            1.000000000000000E+000
va3_135165_3          2.8045686160E+05      4.3107731470E+06      3            1.000000000000000E+000
va3_135185_3          2.8380966160E+05      4.3107731470E+06      3            1.000000000000000E+000
va3_135195_3          2.8548606160E+05      4.3107731470E+06      3            1.000000000000000E+000
va3_145005_3          2.5363446160E+05      4.3090967470E+06      3            1.000000000000000E+000
va3_145015_3          2.5531086160E+05      4.3090967470E+06      3            1.000000000000000E+000
va1_145025_3          2.5698726160E+05      4.3090967470E+06      1            1.000000000000000E+000
va1_145035_3          2.5866366160E+05      4.3090967470E+06      1            1.000000000000000E+000
va3_145045_3          2.6034006160E+05      4.3090967470E+06      3            1.000000000000000E+000
va3_145055_3          2.6201646160E+05      4.3090967470E+06      3            1.000000000000000E+000
va3_145065_3          2.6369286160E+05      4.3090967470E+06      3            1.000000000000000E+000
va3_145075_3          2.6536926160E+05      4.3090967470E+06      3            1.000000000000000E+000
va3_145085_3          2.6704566160E+05      4.3090967470E+06      3            1.000000000000000E+000
va3_145095_3          2.6872206160E+05      4.3090967470E+06      3            1.000000000000000E+000
va3_145105_3          2.7039846160E+05      4.3090967470E+06      3            1.000000000000000E+000
va3_145115_3          2.7207486160E+05      4.3090967470E+06      3            1.000000000000000E+000
va3_145135_3          2.7542766160E+05      4.3090967470E+06      3            1.000000000000000E+000
va3_145145_3          2.7710406160E+05      4.3090967470E+06      3            1.000000000000000E+000
va3_145155_3          2.7878046160E+05      4.3090967470E+06      3            1.000000000000000E+000
va3_145165_3          2.8045686160E+05      4.3090967470E+06      3            1.000000000000000E+000
va3_145185_3          2.8380966160E+05      4.3090967470E+06      3            1.000000000000000E+000
va3_155015_3          2.5531086160E+05      4.3074203470E+06      3            1.000000000000000E+000
va1_155025_3          2.5698726160E+05      4.3074203470E+06      1            1.000000000000000E+000
va3_155035_3          2.5866366160E+05      4.3074203470E+06      3            1.000000000000000E+000
va3_155045_3          2.6034006160E+05      4.3074203470E+06      3            1.000000000000000E+000
va3_155055_3          2.6201646160E+05      4.3074203470E+06      3            1.000000000000000E+000
va3_155065_3          2.6369286160E+05      4.3074203470E+06      3            1.000000000000000E+000
va3_155075_3          2.6536926160E+05      4.3074203470E+06      3            1.000000000000000E+000
va3_155085_3          2.6704566160E+05      4.3074203470E+06      3            1.000000000000000E+000
va3_155095_3          2.6872206160E+05      4.3074203470E+06      3            1.000000000000000E+000
va3_155105_3          2.7039846160E+05      4.3074203470E+06      3            1.000000000000000E+000
va3_155115_3          2.7207486160E+05      4.3074203470E+06      3            1.000000000000000E+000
va3_155145_3          2.7710406160E+05      4.3074203470E+06      3            1.000000000000000E+000
va3_155155_3          2.7878046160E+05      4.3074203470E+06      3            1.000000000000000E+000
va3_155165_3          2.8045686160E+05      4.3074203470E+06      3            1.000000000000000E+000
va3_165025_3          2.5698726160E+05      4.3057439470E+06      3            1.000000000000000E+000
va3_165035_3          2.5866366160E+05      4.3057439470E+06      3            1.000000000000000E+000
va3_165045_3          2.6034006160E+05      4.3057439470E+06      3            1.000000000000000E+000
va3_165055_3          2.6201646160E+05      4.3057439470E+06      3            1.000000000000000E+000
va3_165075_3          2.6536926160E+05      4.3057439470E+06      3            1.000000000000000E+000
va3_165095_3          2.6872206160E+05      4.3057439470E+06      3            1.000000000000000E+000
va3_165105_3          2.7039846160E+05      4.3057439470E+06      3            1.000000000000000E+000
va3_165145_3          2.7710406160E+05      4.3057439470E+06      3            1.000000000000000E+000
va3_165155_3          2.7878046160E+05      4.3057439470E+06      3            1.000000000000000E+000
va3_165165_3          2.8045686160E+05      4.3057439470E+06      3            1.000000000000000E+000
va3_165175_3          2.8213326160E+05      4.3057439470E+06      3            1.000000000000000E+000
va3_175025_3          2.5698726160E+05      4.3040675470E+06      3            1.000000000000000E+000
va3_175035_3          2.5866366160E+05      4.3040675470E+06      3            1.000000000000000E+000
va3_175045_3          2.6034006160E+05      4.3040675470E+06      3            1.000000000000000E+000
va3_175105_3          2.7039846160E+05      4.3040675470E+06      3            1.000000000000000E+000
va3_175155_3          2.7878046160E+05      4.3040675470E+06      3            1.000000000000000E+000
va3_175165_3          2.8045686160E+05      4.3040675470E+06      3            1.000000000000000E+000
va3_185025_3          2.5698726160E+05      4.3023911470E+06      3            1.000000000000000E+000
va3_185035_3          2.5866366160E+05      4.3023911470E+06      3            1.000000000000000E+000
va3_185045_3          2.6034006160E+05      4.3023911470E+06      3            1.000000000000000E+000
va3_185065_3          2.6369286160E+05      4.3023911470E+06      3            1.000000000000000E+000
va3_185155_3          2.7878046160E+05      4.3023911470E+06      3            1.000000000000000E+000
va3_195035_3          2.5866366160E+05      4.3007147470E+06      3            1.000000000000000E+000
va3_195045_3          2.6034006160E+05      4.3007147470E+06      3            1.000000000000000E+000
va3_195065_3          2.6369286160E+05      4.3007147470E+06      3            1.000000000000000E+000
va3_205025_3          2.5698726160E+05      4.2990383470E+06      3            1.000000000000000E+000
va3_205035_3          2.5866366160E+05      4.2990383470E+06      3            1.000000000000000E+000
va3_205045_3          2.6034006160E+05      4.2990383470E+06      3            1.000000000000000E+000
va3_205055_3          2.6201646160E+05      4.2990383470E+06      3            1.000000000000000E+000
va3_205065_3          2.6369286160E+05      4.2990383470E+06      3            1.000000000000000E+000
va3_215025_3          2.5698726160E+05      4.2973619470E+06      3            1.000000000000000E+000
va3_215035_3          2.5866366160E+05      4.2973619470E+06      3            1.000000000000000E+000
va3_215045_3          2.6034006160E+05      4.2973619470E+06      3            1.000000000000000E+000
va3_215055_3          2.6201646160E+05      4.2973619470E+06      3            1.000000000000000E+000
va3_215065_3          2.6369286160E+05      4.2973619470E+06      3            1.000000000000000E+000
va3_225015_3          2.5531086160E+05      4.2956855470E+06      3            1.000000000000000E+000
va3_225025_3          2.5698726160E+05      4.2956855470E+06      3            1.000000000000000E+000
va3_225035_3          2.5866366160E+05      4.2956855470E+06      3            1.000000000000000E+000
va3_225045_3          2.6034006160E+05      4.2956855470E+06      3            1.000000000000000E+000
va3_225055_3          2.6201646160E+05      4.2956855470E+06      3            1.000000000000000E+000
va3_235015_3          2.5531086160E+05      4.2940091470E+06      3            1.000000000000000E+000
va3_235025_3          2.5698726160E+05      4.2940091470E+06      3            1.000000000000000E+000
va3_235035_3          2.5866366160E+05      4.2940091470E+06      3            1.000000000000000E+000
va3_235045_3          2.6034006160E+05      4.2940091470E+06      3            1.000000000000000E+000
va3_245015_3          2.5531086160E+05      4.2923327470E+06      3            1.000000000000000E+000
va3_245025_3          2.5698726160E+05      4.2923327470E+06      3            1.000000000000000E+000
va4_245035_3          2.5866366160E+05      4.2923327470E+06      4            1.000000000000000E+000
va3_245045_3          2.6034006160E+05      4.2923327470E+06      3            1.000000000000000E+000
