ic1_002042_1          2.5983714160E+05      4.3330692670E+06      1            1.000000000000000E+002
ic2_002047_1          2.6067534160E+05      4.3330692670E+06      2            1.000000000000000E+002
ic2_007037_1          2.5899894160E+05      4.3322310670E+06      2            1.000000000000000E+002
ic2_007042_1          2.5983714160E+05      4.3322310670E+06      2            1.000000000000000E+002
ic2_007047_1          2.6067534160E+05      4.3322310670E+06      2            1.000000000000000E+002
ic1_007052_1          2.6151354160E+05      4.3322310670E+06      1            1.000000000000000E+002
ic1_007057_1          2.6235174160E+05      4.3322310670E+06      1            1.000000000000000E+002
ic2_007062_1          2.6318994160E+05      4.3322310670E+06      2            1.000000000000000E+002
ic2_012037_1          2.5899894160E+05      4.3313928670E+06      2            1.000000000000000E+002
ic2_012042_1          2.5983714160E+05      4.3313928670E+06      2            1.000000000000000E+002
ic2_012047_1          2.6067534160E+05      4.3313928670E+06      2            1.000000000000000E+002
ic2_012052_1          2.6151354160E+05      4.3313928670E+06      2            1.000000000000000E+002
ic1_012057_1          2.6235174160E+05      4.3313928670E+06      1            1.000000000000000E+002
ic2_012062_1          2.6318994160E+05      4.3313928670E+06      2            1.000000000000000E+002
ic2_017012_1          2.5480794160E+05      4.3305546670E+06      2            1.000000000000000E+002
ic2_017017_1          2.5564614160E+05      4.3305546670E+06      2            1.000000000000000E+002
ic2_017022_1          2.5648434160E+05      4.3305546670E+06      2            1.000000000000000E+002
ic2_017027_1          2.5732254160E+05      4.3305546670E+06      2            1.000000000000000E+002
ic2_017032_1          2.5816074160E+05      4.3305546670E+06      2            1.000000000000000E+002
ic2_017037_1          2.5899894160E+05      4.3305546670E+06      2            1.000000000000000E+002
ic2_017042_1          2.5983714160E+05      4.3305546670E+06      2            1.000000000000000E+002
ic2_017047_1          2.6067534160E+05      4.3305546670E+06      2            1.000000000000000E+002
ic1_017052_1          2.6151354160E+05      4.3305546670E+06      1            1.000000000000000E+002
ic1_017057_1          2.6235174160E+05      4.3305546670E+06      1            1.000000000000000E+002
ic1_017062_1          2.6318994160E+05      4.3305546670E+06      1            1.000000000000000E+002
ic2_017067_1          2.6402814160E+05      4.3305546670E+06      2            1.000000000000000E+002
ic2_017117_1          2.7241014160E+05      4.3305546670E+06      2            1.000000000000000E+002
ic2_017122_1          2.7324834160E+05      4.3305546670E+06      2            1.000000000000000E+002
ic2_017127_1          2.7408654160E+05      4.3305546670E+06      2            1.000000000000000E+002
ic2_022007_1          2.5396974160E+05      4.3297164670E+06      2            1.000000000000000E+002
ic2_022012_1          2.5480794160E+05      4.3297164670E+06      2            1.000000000000000E+002
ic2_022017_1          2.5564614160E+05      4.3297164670E+06      2            1.000000000000000E+002
ic2_022022_1          2.5648434160E+05      4.3297164670E+06      2            1.000000000000000E+002
ic2_022027_1          2.5732254160E+05      4.3297164670E+06      2            1.000000000000000E+002
ic2_022032_1          2.5816074160E+05      4.3297164670E+06      2            1.000000000000000E+002
ic2_022037_1          2.5899894160E+05      4.3297164670E+06      2            1.000000000000000E+002
ic2_022047_1          2.6067534160E+05      4.3297164670E+06      2            1.000000000000000E+002
ic1_022052_1          2.6151354160E+05      4.3297164670E+06      1            1.000000000000000E+002
ic1_022057_1          2.6235174160E+05      4.3297164670E+06      1            1.000000000000000E+002
ic1_022062_1          2.6318994160E+05      4.3297164670E+06      1            1.000000000000000E+002
ic2_022112_1          2.7157194160E+05      4.3297164670E+06      2            1.000000000000000E+002
ic2_022122_1          2.7324834160E+05      4.3297164670E+06      2            1.000000000000000E+002
ic2_022127_1          2.7408654160E+05      4.3297164670E+06      2            1.000000000000000E+002
ic2_027007_1          2.5396974160E+05      4.3288782670E+06      2            1.000000000000000E+002
ic2_027012_1          2.5480794160E+05      4.3288782670E+06      2            1.000000000000000E+002
ic2_027017_1          2.5564614160E+05      4.3288782670E+06      2            1.000000000000000E+002
ic2_027022_1          2.5648434160E+05      4.3288782670E+06      2            1.000000000000000E+002
ic2_027027_1          2.5732254160E+05      4.3288782670E+06      2            1.000000000000000E+002
ic2_027032_1          2.5816074160E+05      4.3288782670E+06      2            1.000000000000000E+002
ic2_027037_1          2.5899894160E+05      4.3288782670E+06      2            1.000000000000000E+002
ic2_027042_1          2.5983714160E+05      4.3288782670E+06      2            1.000000000000000E+002
ic1_027047_1          2.6067534160E+05      4.3288782670E+06      1            1.000000000000000E+002
ic1_027052_1          2.6151354160E+05      4.3288782670E+06      1            1.000000000000000E+002
ic1_027057_1          2.6235174160E+05      4.3288782670E+06      1            1.000000000000000E+002
ic2_027062_1          2.6318994160E+05      4.3288782670E+06      2            1.000000000000000E+002
ic2_027127_1          2.7408654160E+05      4.3288782670E+06      2            1.000000000000000E+002
ic2_032007_1          2.5396974160E+05      4.3280400670E+06      2            1.000000000000000E+002
ic2_032012_1          2.5480794160E+05      4.3280400670E+06      2            1.000000000000000E+002
ic2_032017_1          2.5564614160E+05      4.3280400670E+06      2            1.000000000000000E+002
ic2_032022_1          2.5648434160E+05      4.3280400670E+06      2            1.000000000000000E+002
ic2_032027_1          2.5732254160E+05      4.3280400670E+06      2            1.000000000000000E+002
ic2_032032_1          2.5816074160E+05      4.3280400670E+06      2            1.000000000000000E+002
ic2_032037_1          2.5899894160E+05      4.3280400670E+06      2            1.000000000000000E+002
ic1_032042_1          2.5983714160E+05      4.3280400670E+06      1            1.000000000000000E+002
ic1_032047_1          2.6067534160E+05      4.3280400670E+06      1            1.000000000000000E+002
ic1_032052_1          2.6151354160E+05      4.3280400670E+06      1            1.000000000000000E+002
ic1_032057_1          2.6235174160E+05      4.3280400670E+06      1            1.000000000000000E+002
ic2_032062_1          2.6318994160E+05      4.3280400670E+06      2            1.000000000000000E+002
ic2_032127_1          2.7408654160E+05      4.3280400670E+06      2            1.000000000000000E+002
ic2_037012_1          2.5480794160E+05      4.3272018670E+06      2            1.000000000000000E+002
ic2_037017_1          2.5564614160E+05      4.3272018670E+06      2            1.000000000000000E+002
ic2_037027_1          2.5732254160E+05      4.3272018670E+06      2            1.000000000000000E+002
ic2_037032_1          2.5816074160E+05      4.3272018670E+06      2            1.000000000000000E+002
ic1_037037_1          2.5899894160E+05      4.3272018670E+06      1            1.000000000000000E+002
ic1_037042_1          2.5983714160E+05      4.3272018670E+06      1            1.000000000000000E+002
ic1_037047_1          2.6067534160E+05      4.3272018670E+06      1            1.000000000000000E+002
ic1_037052_1          2.6151354160E+05      4.3272018670E+06      1            1.000000000000000E+002
ic1_037057_1          2.6235174160E+05      4.3272018670E+06      1            1.000000000000000E+002
ic2_037062_1          2.6318994160E+05      4.3272018670E+06      2            1.000000000000000E+002
ic2_037087_1          2.6738094160E+05      4.3272018670E+06      2            1.000000000000000E+002
ic2_037092_1          2.6821914160E+05      4.3272018670E+06      2            1.000000000000000E+002
ic2_037097_1          2.6905734160E+05      4.3272018670E+06      2            1.000000000000000E+002
ic2_042012_1          2.5480794160E+05      4.3263636670E+06      2            1.000000000000000E+002
ic2_042017_1          2.5564614160E+05      4.3263636670E+06      2            1.000000000000000E+002
ic2_042022_1          2.5648434160E+05      4.3263636670E+06      2            1.000000000000000E+002
ic2_042027_1          2.5732254160E+05      4.3263636670E+06      2            1.000000000000000E+002
ic2_042032_1          2.5816074160E+05      4.3263636670E+06      2            1.000000000000000E+002
ic1_042037_1          2.5899894160E+05      4.3263636670E+06      1            1.000000000000000E+002
ic1_042042_1          2.5983714160E+05      4.3263636670E+06      1            1.000000000000000E+002
ic1_042047_1          2.6067534160E+05      4.3263636670E+06      1            1.000000000000000E+002
ic2_042052_1          2.6151354160E+05      4.3263636670E+06      2            1.000000000000000E+002
ic2_042057_1          2.6235174160E+05      4.3263636670E+06      2            1.000000000000000E+002
ic2_042062_1          2.6318994160E+05      4.3263636670E+06      2            1.000000000000000E+002
ic2_042082_1          2.6654274160E+05      4.3263636670E+06      2            1.000000000000000E+002
ic2_042092_1          2.6821914160E+05      4.3263636670E+06      2            1.000000000000000E+002
ic2_042097_1          2.6905734160E+05      4.3263636670E+06      2            1.000000000000000E+002
ic2_047017_1          2.5564614160E+05      4.3255254670E+06      2            1.000000000000000E+002
ic1_047022_1          2.5648434160E+05      4.3255254670E+06      1            1.000000000000000E+002
ic1_047027_1          2.5732254160E+05      4.3255254670E+06      1            1.000000000000000E+002
ic1_047032_1          2.5816074160E+05      4.3255254670E+06      1            1.000000000000000E+002
ic1_047037_1          2.5899894160E+05      4.3255254670E+06      1            1.000000000000000E+002
ic1_047042_1          2.5983714160E+05      4.3255254670E+06      1            1.000000000000000E+002
ic2_047047_1          2.6067534160E+05      4.3255254670E+06      2            1.000000000000000E+002
ic2_047052_1          2.6151354160E+05      4.3255254670E+06      2            1.000000000000000E+002
ic2_047057_1          2.6235174160E+05      4.3255254670E+06      2            1.000000000000000E+002
ic2_047062_1          2.6318994160E+05      4.3255254670E+06      2            1.000000000000000E+002
ic2_047067_1          2.6402814160E+05      4.3255254670E+06      2            1.000000000000000E+002
ic2_047072_1          2.6486634160E+05      4.3255254670E+06      2            1.000000000000000E+002
ic2_047077_1          2.6570454160E+05      4.3255254670E+06      2            1.000000000000000E+002
ic2_047082_1          2.6654274160E+05      4.3255254670E+06      2            1.000000000000000E+002
ic2_047097_1          2.6905734160E+05      4.3255254670E+06      2            1.000000000000000E+002
ic2_052012_1          2.5480794160E+05      4.3246872670E+06      2            1.000000000000000E+002
ic1_052017_1          2.5564614160E+05      4.3246872670E+06      1            1.000000000000000E+002
ic1_052022_1          2.5648434160E+05      4.3246872670E+06      1            1.000000000000000E+002
ic1_052027_1          2.5732254160E+05      4.3246872670E+06      1            1.000000000000000E+002
ic1_052032_1          2.5816074160E+05      4.3246872670E+06      1            1.000000000000000E+002
ic2_052037_1          2.5899894160E+05      4.3246872670E+06      2            1.000000000000000E+002
ic2_052042_1          2.5983714160E+05      4.3246872670E+06      2            1.000000000000000E+002
ic2_052047_1          2.6067534160E+05      4.3246872670E+06      2            1.000000000000000E+002
ic2_052052_1          2.6151354160E+05      4.3246872670E+06      2            1.000000000000000E+002
ic2_052057_1          2.6235174160E+05      4.3246872670E+06      2            1.000000000000000E+002
ic2_052062_1          2.6318994160E+05      4.3246872670E+06      2            1.000000000000000E+002
ic2_052067_1          2.6402814160E+05      4.3246872670E+06      2            1.000000000000000E+002
ic2_052072_1          2.6486634160E+05      4.3246872670E+06      2            1.000000000000000E+002
ic2_052077_1          2.6570454160E+05      4.3246872670E+06      2            1.000000000000000E+002
ic2_052097_1          2.6905734160E+05      4.3246872670E+06      2            1.000000000000000E+002
ic2_057012_1          2.5480794160E+05      4.3238490670E+06      2            1.000000000000000E+002
ic1_057017_1          2.5564614160E+05      4.3238490670E+06      1            1.000000000000000E+002
ic1_057022_1          2.5648434160E+05      4.3238490670E+06      1            1.000000000000000E+002
ic1_057027_1          2.5732254160E+05      4.3238490670E+06      1            1.000000000000000E+002
ic1_057032_1          2.5816074160E+05      4.3238490670E+06      1            1.000000000000000E+002
ic2_057037_1          2.5899894160E+05      4.3238490670E+06      2            1.000000000000000E+002
ic2_057042_1          2.5983714160E+05      4.3238490670E+06      2            1.000000000000000E+002
ic2_057047_1          2.6067534160E+05      4.3238490670E+06      2            1.000000000000000E+002
ic2_057052_1          2.6151354160E+05      4.3238490670E+06      2            1.000000000000000E+002
ic2_057057_1          2.6235174160E+05      4.3238490670E+06      2            1.000000000000000E+002
ic2_057062_1          2.6318994160E+05      4.3238490670E+06      2            1.000000000000000E+002
ic2_057067_1          2.6402814160E+05      4.3238490670E+06      2            1.000000000000000E+002
ic2_057072_1          2.6486634160E+05      4.3238490670E+06      2            1.000000000000000E+002
ic2_057097_1          2.6905734160E+05      4.3238490670E+06      2            1.000000000000000E+002
ic2_057102_1          2.6989554160E+05      4.3238490670E+06      2            1.000000000000000E+002
ic2_062007_1          2.5396974160E+05      4.3230108670E+06      2            1.000000000000000E+002
ic1_062012_1          2.5480794160E+05      4.3230108670E+06      1            1.000000000000000E+002
ic1_062017_1          2.5564614160E+05      4.3230108670E+06      1            1.000000000000000E+002
ic1_062022_1          2.5648434160E+05      4.3230108670E+06      1            1.000000000000000E+002
ic1_062027_1          2.5732254160E+05      4.3230108670E+06      1            1.000000000000000E+002
ic1_062032_1          2.5816074160E+05      4.3230108670E+06      1            1.000000000000000E+002
ic1_062037_1          2.5899894160E+05      4.3230108670E+06      1            1.000000000000000E+002
ic2_062042_1          2.5983714160E+05      4.3230108670E+06      2            1.000000000000000E+002
ic2_062047_1          2.6067534160E+05      4.3230108670E+06      2            1.000000000000000E+002
ic2_062052_1          2.6151354160E+05      4.3230108670E+06      2            1.000000000000000E+002
ic2_062057_1          2.6235174160E+05      4.3230108670E+06      2            1.000000000000000E+002
ic2_062062_1          2.6318994160E+05      4.3230108670E+06      2            1.000000000000000E+002
ic2_062067_1          2.6402814160E+05      4.3230108670E+06      2            1.000000000000000E+002
ic2_062072_1          2.6486634160E+05      4.3230108670E+06      2            1.000000000000000E+002
ic2_062102_1          2.6989554160E+05      4.3230108670E+06      2            1.000000000000000E+002
ic2_067007_1          2.5396974160E+05      4.3221726670E+06      2            1.000000000000000E+002
ic1_067012_1          2.5480794160E+05      4.3221726670E+06      1            1.000000000000000E+002
ic1_067017_1          2.5564614160E+05      4.3221726670E+06      1            1.000000000000000E+002
ic1_067022_1          2.5648434160E+05      4.3221726670E+06      1            1.000000000000000E+002
ic1_067027_1          2.5732254160E+05      4.3221726670E+06      1            1.000000000000000E+002
ic1_067032_1          2.5816074160E+05      4.3221726670E+06      1            1.000000000000000E+002
ic1_067037_1          2.5899894160E+05      4.3221726670E+06      1            1.000000000000000E+002
ic2_067042_1          2.5983714160E+05      4.3221726670E+06      2            1.000000000000000E+002
ic2_067047_1          2.6067534160E+05      4.3221726670E+06      2            1.000000000000000E+002
ic2_067052_1          2.6151354160E+05      4.3221726670E+06      2            1.000000000000000E+002
ic2_067057_1          2.6235174160E+05      4.3221726670E+06      2            1.000000000000000E+002
ic2_067062_1          2.6318994160E+05      4.3221726670E+06      2            1.000000000000000E+002
ic2_067067_1          2.6402814160E+05      4.3221726670E+06      2            1.000000000000000E+002
ic2_067072_1          2.6486634160E+05      4.3221726670E+06      2            1.000000000000000E+002
ic2_067102_1          2.6989554160E+05      4.3221726670E+06      2            1.000000000000000E+002
ic2_072002_1          2.5313154160E+05      4.3213344670E+06      2            1.000000000000000E+002
ic2_072007_1          2.5396974160E+05      4.3213344670E+06      2            1.000000000000000E+002
ic1_072012_1          2.5480794160E+05      4.3213344670E+06      1            1.000000000000000E+002
ic1_072017_1          2.5564614160E+05      4.3213344670E+06      1            1.000000000000000E+002
ic1_072022_1          2.5648434160E+05      4.3213344670E+06      1            1.000000000000000E+002
ic1_072027_1          2.5732254160E+05      4.3213344670E+06      1            1.000000000000000E+002
ic1_072032_1          2.5816074160E+05      4.3213344670E+06      1            1.000000000000000E+002
ic2_072037_1          2.5899894160E+05      4.3213344670E+06      2            1.000000000000000E+002
ic2_072042_1          2.5983714160E+05      4.3213344670E+06      2            1.000000000000000E+002
ic2_072047_1          2.6067534160E+05      4.3213344670E+06      2            1.000000000000000E+002
ic2_072052_1          2.6151354160E+05      4.3213344670E+06      2            1.000000000000000E+002
ic2_072057_1          2.6235174160E+05      4.3213344670E+06      2            1.000000000000000E+002
ic2_072062_1          2.6318994160E+05      4.3213344670E+06      2            1.000000000000000E+002
ic2_072067_1          2.6402814160E+05      4.3213344670E+06      2            1.000000000000000E+002
ic2_072072_1          2.6486634160E+05      4.3213344670E+06      2            1.000000000000000E+002
ic2_072077_1          2.6570454160E+05      4.3213344670E+06      2            1.000000000000000E+002
ic2_072082_1          2.6654274160E+05      4.3213344670E+06      2            1.000000000000000E+002
ic2_072097_1          2.6905734160E+05      4.3213344670E+06      2            1.000000000000000E+002
ic2_077007_1          2.5396974160E+05      4.3204962670E+06      2            1.000000000000000E+002
ic1_077012_1          2.5480794160E+05      4.3204962670E+06      1            1.000000000000000E+002
ic1_077017_1          2.5564614160E+05      4.3204962670E+06      1            1.000000000000000E+002
ic1_077022_1          2.5648434160E+05      4.3204962670E+06      1            1.000000000000000E+002
ic1_077027_1          2.5732254160E+05      4.3204962670E+06      1            1.000000000000000E+002
ic1_077032_1          2.5816074160E+05      4.3204962670E+06      1            1.000000000000000E+002
ic1_077037_1          2.5899894160E+05      4.3204962670E+06      1            1.000000000000000E+002
ic2_077042_1          2.5983714160E+05      4.3204962670E+06      2            1.000000000000000E+002
ic2_077047_1          2.6067534160E+05      4.3204962670E+06      2            1.000000000000000E+002
ic2_077052_1          2.6151354160E+05      4.3204962670E+06      2            1.000000000000000E+002
ic2_077057_1          2.6235174160E+05      4.3204962670E+06      2            1.000000000000000E+002
ic2_077062_1          2.6318994160E+05      4.3204962670E+06      2            1.000000000000000E+002
ic2_077067_1          2.6402814160E+05      4.3204962670E+06      2            1.000000000000000E+002
ic2_077072_1          2.6486634160E+05      4.3204962670E+06      2            1.000000000000000E+002
ic2_077077_1          2.6570454160E+05      4.3204962670E+06      2            1.000000000000000E+002
ic2_077082_1          2.6654274160E+05      4.3204962670E+06      2            1.000000000000000E+002
ic1_082012_1          2.5480794160E+05      4.3196580670E+06      1            1.000000000000000E+002
ic1_082017_1          2.5564614160E+05      4.3196580670E+06      1            1.000000000000000E+002
ic1_082022_1          2.5648434160E+05      4.3196580670E+06      1            1.000000000000000E+002
ic1_082027_1          2.5732254160E+05      4.3196580670E+06      1            1.000000000000000E+002
ic1_082032_1          2.5816074160E+05      4.3196580670E+06      1            1.000000000000000E+002
ic1_082037_1          2.5899894160E+05      4.3196580670E+06      1            1.000000000000000E+002
ic2_082042_1          2.5983714160E+05      4.3196580670E+06      2            1.000000000000000E+002
ic2_082047_1          2.6067534160E+05      4.3196580670E+06      2            1.000000000000000E+002
ic2_082052_1          2.6151354160E+05      4.3196580670E+06      2            1.000000000000000E+002
ic2_082057_1          2.6235174160E+05      4.3196580670E+06      2            1.000000000000000E+002
ic2_082062_1          2.6318994160E+05      4.3196580670E+06      2            1.000000000000000E+002
ic2_082067_1          2.6402814160E+05      4.3196580670E+06      2            1.000000000000000E+002
ic2_082072_1          2.6486634160E+05      4.3196580670E+06      2            1.000000000000000E+002
ic2_082077_1          2.6570454160E+05      4.3196580670E+06      2            1.000000000000000E+002
ic3_082097_1          2.6905734160E+05      4.3196580670E+06      3            1.000000000000000E+002
ic2_082107_1          2.7073374160E+05      4.3196580670E+06      2            1.000000000000000E+002
ic1_087012_1          2.5480794160E+05      4.3188198670E+06      1            1.000000000000000E+002
ic1_087017_1          2.5564614160E+05      4.3188198670E+06      1            1.000000000000000E+002
ic1_087022_1          2.5648434160E+05      4.3188198670E+06      1            1.000000000000000E+002
ic1_087027_1          2.5732254160E+05      4.3188198670E+06      1            1.000000000000000E+002
ic1_087032_1          2.5816074160E+05      4.3188198670E+06      1            1.000000000000000E+002
ic1_087037_1          2.5899894160E+05      4.3188198670E+06      1            1.000000000000000E+002
ic1_087042_1          2.5983714160E+05      4.3188198670E+06      1            1.000000000000000E+002
ic2_087047_1          2.6067534160E+05      4.3188198670E+06      2            1.000000000000000E+002
ic2_087052_1          2.6151354160E+05      4.3188198670E+06      2            1.000000000000000E+002
ic2_087057_1          2.6235174160E+05      4.3188198670E+06      2            1.000000000000000E+002
ic2_087062_1          2.6318994160E+05      4.3188198670E+06      2            1.000000000000000E+002
ic2_087067_1          2.6402814160E+05      4.3188198670E+06      2            1.000000000000000E+002
ic2_087072_1          2.6486634160E+05      4.3188198670E+06      2            1.000000000000000E+002
ic2_087077_1          2.6570454160E+05      4.3188198670E+06      2            1.000000000000000E+002
ic2_087082_1          2.6654274160E+05      4.3188198670E+06      2            1.000000000000000E+002
ic2_087087_1          2.6738094160E+05      4.3188198670E+06      2            1.000000000000000E+002
ic2_087102_1          2.6989554160E+05      4.3188198670E+06      2            1.000000000000000E+002
ic2_087187_1          2.8414494160E+05      4.3188198670E+06      2            1.000000000000000E+002
ic1_092012_1          2.5480794160E+05      4.3179816670E+06      1            1.000000000000000E+002
ic1_092017_1          2.5564614160E+05      4.3179816670E+06      1            1.000000000000000E+002
ic1_092022_1          2.5648434160E+05      4.3179816670E+06      1            1.000000000000000E+002
ic1_092027_1          2.5732254160E+05      4.3179816670E+06      1            1.000000000000000E+002
ic1_092032_1          2.5816074160E+05      4.3179816670E+06      1            1.000000000000000E+002
ic1_092037_1          2.5899894160E+05      4.3179816670E+06      1            1.000000000000000E+002
ic1_092042_1          2.5983714160E+05      4.3179816670E+06      1            1.000000000000000E+002
ic2_092047_1          2.6067534160E+05      4.3179816670E+06      2            1.000000000000000E+002
ic2_092052_1          2.6151354160E+05      4.3179816670E+06      2            1.000000000000000E+002
ic2_092057_1          2.6235174160E+05      4.3179816670E+06      2            1.000000000000000E+002
ic2_092062_1          2.6318994160E+05      4.3179816670E+06      2            1.000000000000000E+002
ic2_092067_1          2.6402814160E+05      4.3179816670E+06      2            1.000000000000000E+002
ic2_092072_1          2.6486634160E+05      4.3179816670E+06      2            1.000000000000000E+002
ic2_092077_1          2.6570454160E+05      4.3179816670E+06      2            1.000000000000000E+002
ic2_092082_1          2.6654274160E+05      4.3179816670E+06      2            1.000000000000000E+002
ic2_092087_1          2.6738094160E+05      4.3179816670E+06      2            1.000000000000000E+002
ic2_092092_1          2.6821914160E+05      4.3179816670E+06      2            1.000000000000000E+002
ic2_092097_1          2.6905734160E+05      4.3179816670E+06      2            1.000000000000000E+002
ic2_092117_1          2.7241014160E+05      4.3179816670E+06      2            1.000000000000000E+002
ic2_092187_1          2.8414494160E+05      4.3179816670E+06      2            1.000000000000000E+002
ic2_092192_1          2.8498314160E+05      4.3179816670E+06      2            1.000000000000000E+002
ic2_097007_1          2.5396974160E+05      4.3171434670E+06      2            1.000000000000000E+002
ic1_097012_1          2.5480794160E+05      4.3171434670E+06      1            1.000000000000000E+002
ic1_097017_1          2.5564614160E+05      4.3171434670E+06      1            1.000000000000000E+002
ic1_097022_1          2.5648434160E+05      4.3171434670E+06      1            1.000000000000000E+002
ic1_097027_1          2.5732254160E+05      4.3171434670E+06      1            1.000000000000000E+002
ic1_097032_1          2.5816074160E+05      4.3171434670E+06      1            1.000000000000000E+002
ic1_097037_1          2.5899894160E+05      4.3171434670E+06      1            1.000000000000000E+002
ic1_097042_1          2.5983714160E+05      4.3171434670E+06      1            1.000000000000000E+002
ic1_097047_1          2.6067534160E+05      4.3171434670E+06      1            1.000000000000000E+002
ic2_097052_1          2.6151354160E+05      4.3171434670E+06      2            1.000000000000000E+002
ic2_097057_1          2.6235174160E+05      4.3171434670E+06      2            1.000000000000000E+002
ic2_097062_1          2.6318994160E+05      4.3171434670E+06      2            1.000000000000000E+002
ic2_097067_1          2.6402814160E+05      4.3171434670E+06      2            1.000000000000000E+002
ic2_097072_1          2.6486634160E+05      4.3171434670E+06      2            1.000000000000000E+002
ic2_097077_1          2.6570454160E+05      4.3171434670E+06      2            1.000000000000000E+002
ic2_097082_1          2.6654274160E+05      4.3171434670E+06      2            1.000000000000000E+002
ic2_097087_1          2.6738094160E+05      4.3171434670E+06      2            1.000000000000000E+002
ic2_097187_1          2.8414494160E+05      4.3171434670E+06      2            1.000000000000000E+002
ic2_097192_1          2.8498314160E+05      4.3171434670E+06      2            1.000000000000000E+002
ic2_102007_1          2.5396974160E+05      4.3163052670E+06      2            1.000000000000000E+002
ic1_102012_1          2.5480794160E+05      4.3163052670E+06      1            1.000000000000000E+002
ic1_102017_1          2.5564614160E+05      4.3163052670E+06      1            1.000000000000000E+002
ic1_102022_1          2.5648434160E+05      4.3163052670E+06      1            1.000000000000000E+002
ic1_102027_1          2.5732254160E+05      4.3163052670E+06      1            1.000000000000000E+002
ic1_102032_1          2.5816074160E+05      4.3163052670E+06      1            1.000000000000000E+002
ic1_102037_1          2.5899894160E+05      4.3163052670E+06      1            1.000000000000000E+002
ic1_102042_1          2.5983714160E+05      4.3163052670E+06      1            1.000000000000000E+002
ic1_102047_1          2.6067534160E+05      4.3163052670E+06      1            1.000000000000000E+002
ic2_102052_1          2.6151354160E+05      4.3163052670E+06      2            1.000000000000000E+002
ic2_102057_1          2.6235174160E+05      4.3163052670E+06      2            1.000000000000000E+002
ic2_102062_1          2.6318994160E+05      4.3163052670E+06      2            1.000000000000000E+002
ic2_102067_1          2.6402814160E+05      4.3163052670E+06      2            1.000000000000000E+002
ic2_102072_1          2.6486634160E+05      4.3163052670E+06      2            1.000000000000000E+002
ic2_102077_1          2.6570454160E+05      4.3163052670E+06      2            1.000000000000000E+002
ic2_102092_1          2.6821914160E+05      4.3163052670E+06      2            1.000000000000000E+002
ic2_102122_1          2.7324834160E+05      4.3163052670E+06      2            1.000000000000000E+002
ic2_102187_1          2.8414494160E+05      4.3163052670E+06      2            1.000000000000000E+002
ic2_102192_1          2.8498314160E+05      4.3163052670E+06      2            1.000000000000000E+002
ic2_107007_1          2.5396974160E+05      4.3154670670E+06      2            1.000000000000000E+002
ic1_107012_1          2.5480794160E+05      4.3154670670E+06      1            1.000000000000000E+002
ic1_107017_1          2.5564614160E+05      4.3154670670E+06      1            1.000000000000000E+002
ic1_107022_1          2.5648434160E+05      4.3154670670E+06      1            1.000000000000000E+002
ic1_107027_1          2.5732254160E+05      4.3154670670E+06      1            1.000000000000000E+002
ic1_107032_1          2.5816074160E+05      4.3154670670E+06      1            1.000000000000000E+002
ic1_107037_1          2.5899894160E+05      4.3154670670E+06      1            1.000000000000000E+002
ic1_107042_1          2.5983714160E+05      4.3154670670E+06      1            1.000000000000000E+002
ic1_107047_1          2.6067534160E+05      4.3154670670E+06      1            1.000000000000000E+002
ic2_107052_1          2.6151354160E+05      4.3154670670E+06      2            1.000000000000000E+002
ic2_107057_1          2.6235174160E+05      4.3154670670E+06      2            1.000000000000000E+002
ic2_107062_1          2.6318994160E+05      4.3154670670E+06      2            1.000000000000000E+002
ic2_107067_1          2.6402814160E+05      4.3154670670E+06      2            1.000000000000000E+002
ic2_107072_1          2.6486634160E+05      4.3154670670E+06      2            1.000000000000000E+002
ic2_107077_1          2.6570454160E+05      4.3154670670E+06      2            1.000000000000000E+002
ic2_107082_1          2.6654274160E+05      4.3154670670E+06      2            1.000000000000000E+002
ic2_107087_1          2.6738094160E+05      4.3154670670E+06      2            1.000000000000000E+002
ic2_107097_1          2.6905734160E+05      4.3154670670E+06      2            1.000000000000000E+002
ic2_107107_1          2.7073374160E+05      4.3154670670E+06      2            1.000000000000000E+002
ic2_107127_1          2.7408654160E+05      4.3154670670E+06      2            1.000000000000000E+002
ic2_107187_1          2.8414494160E+05      4.3154670670E+06      2            1.000000000000000E+002
ic2_107192_1          2.8498314160E+05      4.3154670670E+06      2            1.000000000000000E+002
ic2_112007_1          2.5396974160E+05      4.3146288670E+06      2            1.000000000000000E+002
ic1_112012_1          2.5480794160E+05      4.3146288670E+06      1            1.000000000000000E+002
ic1_112017_1          2.5564614160E+05      4.3146288670E+06      1            1.000000000000000E+002
ic1_112022_1          2.5648434160E+05      4.3146288670E+06      1            1.000000000000000E+002
ic1_112027_1          2.5732254160E+05      4.3146288670E+06      1            1.000000000000000E+002
ic1_112032_1          2.5816074160E+05      4.3146288670E+06      1            1.000000000000000E+002
ic1_112037_1          2.5899894160E+05      4.3146288670E+06      1            1.000000000000000E+002
ic1_112042_1          2.5983714160E+05      4.3146288670E+06      1            1.000000000000000E+002
ic1_112047_1          2.6067534160E+05      4.3146288670E+06      1            1.000000000000000E+002
ic1_112052_1          2.6151354160E+05      4.3146288670E+06      1            1.000000000000000E+002
ic2_112057_1          2.6235174160E+05      4.3146288670E+06      2            1.000000000000000E+002
ic2_112062_1          2.6318994160E+05      4.3146288670E+06      2            1.000000000000000E+002
ic2_112067_1          2.6402814160E+05      4.3146288670E+06      2            1.000000000000000E+002
ic2_112072_1          2.6486634160E+05      4.3146288670E+06      2            1.000000000000000E+002
ic2_112077_1          2.6570454160E+05      4.3146288670E+06      2            1.000000000000000E+002
ic2_112092_1          2.6821914160E+05      4.3146288670E+06      2            1.000000000000000E+002
ic2_112107_1          2.7073374160E+05      4.3146288670E+06      2            1.000000000000000E+002
ic2_112112_1          2.7157194160E+05      4.3146288670E+06      2            1.000000000000000E+002
ic2_112127_1          2.7408654160E+05      4.3146288670E+06      2            1.000000000000000E+002
ic2_112132_1          2.7492474160E+05      4.3146288670E+06      2            1.000000000000000E+002
ic2_112187_1          2.8414494160E+05      4.3146288670E+06      2            1.000000000000000E+002
ic2_112192_1          2.8498314160E+05      4.3146288670E+06      2            1.000000000000000E+002
ic2_117007_1          2.5396974160E+05      4.3137906670E+06      2            1.000000000000000E+002
ic1_117012_1          2.5480794160E+05      4.3137906670E+06      1            1.000000000000000E+002
ic1_117017_1          2.5564614160E+05      4.3137906670E+06      1            1.000000000000000E+002
ic1_117022_1          2.5648434160E+05      4.3137906670E+06      1            1.000000000000000E+002
ic1_117027_1          2.5732254160E+05      4.3137906670E+06      1            1.000000000000000E+002
ic1_117032_1          2.5816074160E+05      4.3137906670E+06      1            1.000000000000000E+002
ic1_117037_1          2.5899894160E+05      4.3137906670E+06      1            1.000000000000000E+002
ic1_117042_1          2.5983714160E+05      4.3137906670E+06      1            1.000000000000000E+002
ic1_117047_1          2.6067534160E+05      4.3137906670E+06      1            1.000000000000000E+002
ic1_117052_1          2.6151354160E+05      4.3137906670E+06      1            1.000000000000000E+002
ic1_117057_1          2.6235174160E+05      4.3137906670E+06      1            1.000000000000000E+002
ic1_117062_1          2.6318994160E+05      4.3137906670E+06      1            1.000000000000000E+002
ic2_117067_1          2.6402814160E+05      4.3137906670E+06      2            1.000000000000000E+002
ic2_117072_1          2.6486634160E+05      4.3137906670E+06      2            1.000000000000000E+002
ic2_117077_1          2.6570454160E+05      4.3137906670E+06      2            1.000000000000000E+002
ic2_117082_1          2.6654274160E+05      4.3137906670E+06      2            1.000000000000000E+002
ic2_117107_1          2.7073374160E+05      4.3137906670E+06      2            1.000000000000000E+002
ic2_117112_1          2.7157194160E+05      4.3137906670E+06      2            1.000000000000000E+002
ic2_117117_1          2.7241014160E+05      4.3137906670E+06      2            1.000000000000000E+002
ic2_117132_1          2.7492474160E+05      4.3137906670E+06      2            1.000000000000000E+002
ic2_122002_1          2.5313154160E+05      4.3129524670E+06      2            1.000000000000000E+002
ic2_122007_1          2.5396974160E+05      4.3129524670E+06      2            1.000000000000000E+002
ic2_122012_1          2.5480794160E+05      4.3129524670E+06      2            1.000000000000000E+002
ic1_122017_1          2.5564614160E+05      4.3129524670E+06      1            1.000000000000000E+002
ic1_122022_1          2.5648434160E+05      4.3129524670E+06      1            1.000000000000000E+002
ic1_122027_1          2.5732254160E+05      4.3129524670E+06      1            1.000000000000000E+002
ic1_122032_1          2.5816074160E+05      4.3129524670E+06      1            1.000000000000000E+002
ic1_122037_1          2.5899894160E+05      4.3129524670E+06      1            1.000000000000000E+002
ic1_122042_1          2.5983714160E+05      4.3129524670E+06      1            1.000000000000000E+002
ic1_122047_1          2.6067534160E+05      4.3129524670E+06      1            1.000000000000000E+002
ic1_122052_1          2.6151354160E+05      4.3129524670E+06      1            1.000000000000000E+002
ic1_122057_1          2.6235174160E+05      4.3129524670E+06      1            1.000000000000000E+002
ic1_122062_1          2.6318994160E+05      4.3129524670E+06      1            1.000000000000000E+002
ic2_122067_1          2.6402814160E+05      4.3129524670E+06      2            1.000000000000000E+002
ic2_122072_1          2.6486634160E+05      4.3129524670E+06      2            1.000000000000000E+002
ic2_122077_1          2.6570454160E+05      4.3129524670E+06      2            1.000000000000000E+002
ic2_122082_1          2.6654274160E+05      4.3129524670E+06      2            1.000000000000000E+002
ic2_122087_1          2.6738094160E+05      4.3129524670E+06      2            1.000000000000000E+002
ic2_122097_1          2.6905734160E+05      4.3129524670E+06      2            1.000000000000000E+002
ic2_122102_1          2.6989554160E+05      4.3129524670E+06      2            1.000000000000000E+002
ic2_122107_1          2.7073374160E+05      4.3129524670E+06      2            1.000000000000000E+002
ic2_122112_1          2.7157194160E+05      4.3129524670E+06      2            1.000000000000000E+002
ic2_122137_1          2.7576294160E+05      4.3129524670E+06      2            1.000000000000000E+002
ic2_127002_1          2.5313154160E+05      4.3121142670E+06      2            1.000000000000000E+002
ic2_127007_1          2.5396974160E+05      4.3121142670E+06      2            1.000000000000000E+002
ic2_127012_1          2.5480794160E+05      4.3121142670E+06      2            1.000000000000000E+002
ic1_127017_1          2.5564614160E+05      4.3121142670E+06      1            1.000000000000000E+002
ic1_127022_1          2.5648434160E+05      4.3121142670E+06      1            1.000000000000000E+002
ic1_127027_1          2.5732254160E+05      4.3121142670E+06      1            1.000000000000000E+002
ic1_127032_1          2.5816074160E+05      4.3121142670E+06      1            1.000000000000000E+002
ic1_127037_1          2.5899894160E+05      4.3121142670E+06      1            1.000000000000000E+002
ic1_127042_1          2.5983714160E+05      4.3121142670E+06      1            1.000000000000000E+002
ic1_127047_1          2.6067534160E+05      4.3121142670E+06      1            1.000000000000000E+002
ic1_127052_1          2.6151354160E+05      4.3121142670E+06      1            1.000000000000000E+002
ic1_127057_1          2.6235174160E+05      4.3121142670E+06      1            1.000000000000000E+002
ic1_127062_1          2.6318994160E+05      4.3121142670E+06      1            1.000000000000000E+002
ic1_127067_1          2.6402814160E+05      4.3121142670E+06      1            1.000000000000000E+002
ic2_127072_1          2.6486634160E+05      4.3121142670E+06      2            1.000000000000000E+002
ic2_127077_1          2.6570454160E+05      4.3121142670E+06      2            1.000000000000000E+002
ic2_127082_1          2.6654274160E+05      4.3121142670E+06      2            1.000000000000000E+002
ic2_127087_1          2.6738094160E+05      4.3121142670E+06      2            1.000000000000000E+002
ic2_127107_1          2.7073374160E+05      4.3121142670E+06      2            1.000000000000000E+002
ic2_127112_1          2.7157194160E+05      4.3121142670E+06      2            1.000000000000000E+002
ic2_127117_1          2.7241014160E+05      4.3121142670E+06      2            1.000000000000000E+002
ic2_127137_1          2.7576294160E+05      4.3121142670E+06      2            1.000000000000000E+002
ic2_132007_1          2.5396974160E+05      4.3112760670E+06      2            1.000000000000000E+002
ic2_132012_1          2.5480794160E+05      4.3112760670E+06      2            1.000000000000000E+002
ic1_132017_1          2.5564614160E+05      4.3112760670E+06      1            1.000000000000000E+002
ic1_132022_1          2.5648434160E+05      4.3112760670E+06      1            1.000000000000000E+002
ic1_132027_1          2.5732254160E+05      4.3112760670E+06      1            1.000000000000000E+002
ic1_132032_1          2.5816074160E+05      4.3112760670E+06      1            1.000000000000000E+002
ic1_132037_1          2.5899894160E+05      4.3112760670E+06      1            1.000000000000000E+002
ic1_132042_1          2.5983714160E+05      4.3112760670E+06      1            1.000000000000000E+002
ic1_132047_1          2.6067534160E+05      4.3112760670E+06      1            1.000000000000000E+002
ic1_132052_1          2.6151354160E+05      4.3112760670E+06      1            1.000000000000000E+002
ic1_132057_1          2.6235174160E+05      4.3112760670E+06      1            1.000000000000000E+002
ic1_132062_1          2.6318994160E+05      4.3112760670E+06      1            1.000000000000000E+002
ic1_132067_1          2.6402814160E+05      4.3112760670E+06      1            1.000000000000000E+002
ic1_132072_1          2.6486634160E+05      4.3112760670E+06      1            1.000000000000000E+002
ic2_132077_1          2.6570454160E+05      4.3112760670E+06      2            1.000000000000000E+002
ic2_132082_1          2.6654274160E+05      4.3112760670E+06      2            1.000000000000000E+002
ic2_132087_1          2.6738094160E+05      4.3112760670E+06      2            1.000000000000000E+002
ic2_132112_1          2.7157194160E+05      4.3112760670E+06      2            1.000000000000000E+002
ic2_132117_1          2.7241014160E+05      4.3112760670E+06      2            1.000000000000000E+002
ic2_132137_1          2.7576294160E+05      4.3112760670E+06      2            1.000000000000000E+002
ic2_137007_1          2.5396974160E+05      4.3104378670E+06      2            1.000000000000000E+002
ic2_137012_1          2.5480794160E+05      4.3104378670E+06      2            1.000000000000000E+002
ic2_137017_1          2.5564614160E+05      4.3104378670E+06      2            1.000000000000000E+002
ic1_137022_1          2.5648434160E+05      4.3104378670E+06      1            1.000000000000000E+002
ic1_137027_1          2.5732254160E+05      4.3104378670E+06      1            1.000000000000000E+002
ic1_137032_1          2.5816074160E+05      4.3104378670E+06      1            1.000000000000000E+002
ic1_137037_1          2.5899894160E+05      4.3104378670E+06      1            1.000000000000000E+002
ic1_137042_1          2.5983714160E+05      4.3104378670E+06      1            1.000000000000000E+002
ic2_137047_1          2.6067534160E+05      4.3104378670E+06      2            1.000000000000000E+002
ic2_137052_1          2.6151354160E+05      4.3104378670E+06      2            1.000000000000000E+002
ic2_137057_1          2.6235174160E+05      4.3104378670E+06      2            1.000000000000000E+002
ic2_137062_1          2.6318994160E+05      4.3104378670E+06      2            1.000000000000000E+002
ic1_137067_1          2.6402814160E+05      4.3104378670E+06      1            1.000000000000000E+002
ic1_137072_1          2.6486634160E+05      4.3104378670E+06      1            1.000000000000000E+002
ic2_137077_1          2.6570454160E+05      4.3104378670E+06      2            1.000000000000000E+002
ic2_137082_1          2.6654274160E+05      4.3104378670E+06      2            1.000000000000000E+002
ic2_137087_1          2.6738094160E+05      4.3104378670E+06      2            1.000000000000000E+002
ic2_137137_1          2.7576294160E+05      4.3104378670E+06      2            1.000000000000000E+002
ic2_137142_1          2.7660114160E+05      4.3104378670E+06      2            1.000000000000000E+002
ic2_142002_1          2.5313154160E+05      4.3095996670E+06      2            1.000000000000000E+002
ic2_142007_1          2.5396974160E+05      4.3095996670E+06      2            1.000000000000000E+002
ic2_142012_1          2.5480794160E+05      4.3095996670E+06      2            1.000000000000000E+002
ic2_142017_1          2.5564614160E+05      4.3095996670E+06      2            1.000000000000000E+002
ic1_142022_1          2.5648434160E+05      4.3095996670E+06      1            1.000000000000000E+002
ic1_142027_1          2.5732254160E+05      4.3095996670E+06      1            1.000000000000000E+002
ic1_142032_1          2.5816074160E+05      4.3095996670E+06      1            1.000000000000000E+002
ic1_142037_1          2.5899894160E+05      4.3095996670E+06      1            1.000000000000000E+002
ic1_142042_1          2.5983714160E+05      4.3095996670E+06      1            1.000000000000000E+002
ic2_142047_1          2.6067534160E+05      4.3095996670E+06      2            1.000000000000000E+002
ic2_142052_1          2.6151354160E+05      4.3095996670E+06      2            1.000000000000000E+002
ic2_142057_1          2.6235174160E+05      4.3095996670E+06      2            1.000000000000000E+002
ic2_142062_1          2.6318994160E+05      4.3095996670E+06      2            1.000000000000000E+002
ic2_142067_1          2.6402814160E+05      4.3095996670E+06      2            1.000000000000000E+002
ic1_142072_1          2.6486634160E+05      4.3095996670E+06      1            1.000000000000000E+002
ic1_142077_1          2.6570454160E+05      4.3095996670E+06      1            1.000000000000000E+002
ic2_142082_1          2.6654274160E+05      4.3095996670E+06      2            1.000000000000000E+002
ic2_142087_1          2.6738094160E+05      4.3095996670E+06      2            1.000000000000000E+002
ic2_142097_1          2.6905734160E+05      4.3095996670E+06      2            1.000000000000000E+002
ic2_142102_1          2.6989554160E+05      4.3095996670E+06      2            1.000000000000000E+002
ic2_142137_1          2.7576294160E+05      4.3095996670E+06      2            1.000000000000000E+002
ic2_142142_1          2.7660114160E+05      4.3095996670E+06      2            1.000000000000000E+002
ic2_147007_1          2.5396974160E+05      4.3087614670E+06      2            1.000000000000000E+002
ic2_147012_1          2.5480794160E+05      4.3087614670E+06      2            1.000000000000000E+002
ic2_147017_1          2.5564614160E+05      4.3087614670E+06      2            1.000000000000000E+002
ic1_147022_1          2.5648434160E+05      4.3087614670E+06      1            1.000000000000000E+002
ic1_147027_1          2.5732254160E+05      4.3087614670E+06      1            1.000000000000000E+002
ic1_147032_1          2.5816074160E+05      4.3087614670E+06      1            1.000000000000000E+002
ic1_147037_1          2.5899894160E+05      4.3087614670E+06      1            1.000000000000000E+002
ic2_147042_1          2.5983714160E+05      4.3087614670E+06      2            1.000000000000000E+002
ic2_147047_1          2.6067534160E+05      4.3087614670E+06      2            1.000000000000000E+002
ic2_147052_1          2.6151354160E+05      4.3087614670E+06      2            1.000000000000000E+002
ic2_147057_1          2.6235174160E+05      4.3087614670E+06      2            1.000000000000000E+002
ic2_147062_1          2.6318994160E+05      4.3087614670E+06      2            1.000000000000000E+002
ic2_147067_1          2.6402814160E+05      4.3087614670E+06      2            1.000000000000000E+002
ic1_147072_1          2.6486634160E+05      4.3087614670E+06      1            1.000000000000000E+002
ic1_147077_1          2.6570454160E+05      4.3087614670E+06      1            1.000000000000000E+002
ic2_147082_1          2.6654274160E+05      4.3087614670E+06      2            1.000000000000000E+002
ic2_147087_1          2.6738094160E+05      4.3087614670E+06      2            1.000000000000000E+002
ic2_147132_1          2.7492474160E+05      4.3087614670E+06      2            1.000000000000000E+002
ic2_147137_1          2.7576294160E+05      4.3087614670E+06      2            1.000000000000000E+002
ic2_152007_1          2.5396974160E+05      4.3079232670E+06      2            1.000000000000000E+002
ic2_152012_1          2.5480794160E+05      4.3079232670E+06      2            1.000000000000000E+002
ic2_152017_1          2.5564614160E+05      4.3079232670E+06      2            1.000000000000000E+002
ic2_152022_1          2.5648434160E+05      4.3079232670E+06      2            1.000000000000000E+002
ic1_152027_1          2.5732254160E+05      4.3079232670E+06      1            1.000000000000000E+002
ic1_152032_1          2.5816074160E+05      4.3079232670E+06      1            1.000000000000000E+002
ic1_152037_1          2.5899894160E+05      4.3079232670E+06      1            1.000000000000000E+002
ic1_152042_1          2.5983714160E+05      4.3079232670E+06      1            1.000000000000000E+002
ic2_152047_1          2.6067534160E+05      4.3079232670E+06      2            1.000000000000000E+002
ic2_152052_1          2.6151354160E+05      4.3079232670E+06      2            1.000000000000000E+002
ic2_152057_1          2.6235174160E+05      4.3079232670E+06      2            1.000000000000000E+002
ic2_152062_1          2.6318994160E+05      4.3079232670E+06      2            1.000000000000000E+002
ic2_152067_1          2.6402814160E+05      4.3079232670E+06      2            1.000000000000000E+002
ic2_152072_1          2.6486634160E+05      4.3079232670E+06      2            1.000000000000000E+002
ic2_152077_1          2.6570454160E+05      4.3079232670E+06      2            1.000000000000000E+002
ic2_152082_1          2.6654274160E+05      4.3079232670E+06      2            1.000000000000000E+002
ic2_152087_1          2.6738094160E+05      4.3079232670E+06      2            1.000000000000000E+002
ic2_152092_1          2.6821914160E+05      4.3079232670E+06      2            1.000000000000000E+002
ic2_152097_1          2.6905734160E+05      4.3079232670E+06      2            1.000000000000000E+002
ic2_157017_1          2.5564614160E+05      4.3070850670E+06      2            1.000000000000000E+002
ic2_157022_1          2.5648434160E+05      4.3070850670E+06      2            1.000000000000000E+002
ic2_157027_1          2.5732254160E+05      4.3070850670E+06      2            1.000000000000000E+002
ic1_157032_1          2.5816074160E+05      4.3070850670E+06      1            1.000000000000000E+002
ic1_157037_1          2.5899894160E+05      4.3070850670E+06      1            1.000000000000000E+002
ic1_157042_1          2.5983714160E+05      4.3070850670E+06      1            1.000000000000000E+002
ic2_157047_1          2.6067534160E+05      4.3070850670E+06      2            1.000000000000000E+002
ic2_157057_1          2.6235174160E+05      4.3070850670E+06      2            1.000000000000000E+002
ic2_157062_1          2.6318994160E+05      4.3070850670E+06      2            1.000000000000000E+002
ic2_157067_1          2.6402814160E+05      4.3070850670E+06      2            1.000000000000000E+002
ic2_157072_1          2.6486634160E+05      4.3070850670E+06      2            1.000000000000000E+002
ic1_157077_1          2.6570454160E+05      4.3070850670E+06      1            1.000000000000000E+002
ic2_157082_1          2.6654274160E+05      4.3070850670E+06      2            1.000000000000000E+002
ic2_157087_1          2.6738094160E+05      4.3070850670E+06      2            1.000000000000000E+002
ic2_157092_1          2.6821914160E+05      4.3070850670E+06      2            1.000000000000000E+002
ic2_162017_1          2.5564614160E+05      4.3062468670E+06      2            1.000000000000000E+002
ic2_162022_1          2.5648434160E+05      4.3062468670E+06      2            1.000000000000000E+002
ic2_162027_1          2.5732254160E+05      4.3062468670E+06      2            1.000000000000000E+002
ic1_162032_1          2.5816074160E+05      4.3062468670E+06      1            1.000000000000000E+002
ic1_162037_1          2.5899894160E+05      4.3062468670E+06      1            1.000000000000000E+002
ic1_162042_1          2.5983714160E+05      4.3062468670E+06      1            1.000000000000000E+002
ic1_162047_1          2.6067534160E+05      4.3062468670E+06      1            1.000000000000000E+002
ic2_162052_1          2.6151354160E+05      4.3062468670E+06      2            1.000000000000000E+002
ic2_162057_1          2.6235174160E+05      4.3062468670E+06      2            1.000000000000000E+002
ic2_162062_1          2.6318994160E+05      4.3062468670E+06      2            1.000000000000000E+002
ic2_167022_1          2.5648434160E+05      4.3054086670E+06      2            1.000000000000000E+002
ic2_167027_1          2.5732254160E+05      4.3054086670E+06      2            1.000000000000000E+002
ic1_167032_1          2.5816074160E+05      4.3054086670E+06      1            1.000000000000000E+002
ic1_167037_1          2.5899894160E+05      4.3054086670E+06      1            1.000000000000000E+002
ic2_167042_1          2.5983714160E+05      4.3054086670E+06      2            1.000000000000000E+002
ic1_167047_1          2.6067534160E+05      4.3054086670E+06      1            1.000000000000000E+002
ic2_167052_1          2.6151354160E+05      4.3054086670E+06      2            1.000000000000000E+002
ic2_167057_1          2.6235174160E+05      4.3054086670E+06      2            1.000000000000000E+002
ic2_167072_1          2.6486634160E+05      4.3054086670E+06      2            1.000000000000000E+002
ic2_172022_1          2.5648434160E+05      4.3045704670E+06      2            1.000000000000000E+002
ic2_172027_1          2.5732254160E+05      4.3045704670E+06      2            1.000000000000000E+002
ic2_172032_1          2.5816074160E+05      4.3045704670E+06      2            1.000000000000000E+002
ic2_172037_1          2.5899894160E+05      4.3045704670E+06      2            1.000000000000000E+002
ic2_172042_1          2.5983714160E+05      4.3045704670E+06      2            1.000000000000000E+002
ic1_172047_1          2.6067534160E+05      4.3045704670E+06      1            1.000000000000000E+002
ic2_177027_1          2.5732254160E+05      4.3037322670E+06      2            1.000000000000000E+002
ic2_177032_1          2.5816074160E+05      4.3037322670E+06      2            1.000000000000000E+002
ic2_177037_1          2.5899894160E+05      4.3037322670E+06      2            1.000000000000000E+002
ic1_177042_1          2.5983714160E+05      4.3037322670E+06      1            1.000000000000000E+002
ic1_177047_1          2.6067534160E+05      4.3037322670E+06      1            1.000000000000000E+002
ic2_177067_1          2.6402814160E+05      4.3037322670E+06      2            1.000000000000000E+002
ic2_182027_1          2.5732254160E+05      4.3028940670E+06      2            1.000000000000000E+002
ic2_182032_1          2.5816074160E+05      4.3028940670E+06      2            1.000000000000000E+002
ic1_182037_1          2.5899894160E+05      4.3028940670E+06      1            1.000000000000000E+002
ic1_182042_1          2.5983714160E+05      4.3028940670E+06      1            1.000000000000000E+002
ic1_182047_1          2.6067534160E+05      4.3028940670E+06      1            1.000000000000000E+002
ic6_182057_1          2.6235174160E+05      4.3028940670E+06      6            1.000000000000000E+002
ic2_182067_1          2.6402814160E+05      4.3028940670E+06      2            1.000000000000000E+002
ic2_187027_1          2.5732254160E+05      4.3020558670E+06      2            1.000000000000000E+002
ic2_187032_1          2.5816074160E+05      4.3020558670E+06      2            1.000000000000000E+002
ic2_187037_1          2.5899894160E+05      4.3020558670E+06      2            1.000000000000000E+002
ic2_187042_1          2.5983714160E+05      4.3020558670E+06      2            1.000000000000000E+002
ic1_187047_1          2.6067534160E+05      4.3020558670E+06      1            1.000000000000000E+002
ic2_187052_1          2.6151354160E+05      4.3020558670E+06      2            1.000000000000000E+002
ic6_187057_1          2.6235174160E+05      4.3020558670E+06      6            1.000000000000000E+002
ic2_187062_1          2.6318994160E+05      4.3020558670E+06      2            1.000000000000000E+002
ic2_187067_1          2.6402814160E+05      4.3020558670E+06      2            1.000000000000000E+002
ic2_192027_1          2.5732254160E+05      4.3012176670E+06      2            1.000000000000000E+002
ic2_192032_1          2.5816074160E+05      4.3012176670E+06      2            1.000000000000000E+002
ic1_192037_1          2.5899894160E+05      4.3012176670E+06      1            1.000000000000000E+002
ic1_192042_1          2.5983714160E+05      4.3012176670E+06      1            1.000000000000000E+002
ic2_192047_1          2.6067534160E+05      4.3012176670E+06      2            1.000000000000000E+002
ic2_192052_1          2.6151354160E+05      4.3012176670E+06      2            1.000000000000000E+002
ic2_192067_1          2.6402814160E+05      4.3012176670E+06      2            1.000000000000000E+002
ic2_197027_1          2.5732254160E+05      4.3003794670E+06      2            1.000000000000000E+002
ic2_197032_1          2.5816074160E+05      4.3003794670E+06      2            1.000000000000000E+002
ic1_197037_1          2.5899894160E+05      4.3003794670E+06      1            1.000000000000000E+002
ic2_197042_1          2.5983714160E+05      4.3003794670E+06      2            1.000000000000000E+002
ic2_197047_1          2.6067534160E+05      4.3003794670E+06      2            1.000000000000000E+002
ic2_197052_1          2.6151354160E+05      4.3003794670E+06      2            1.000000000000000E+002
ic2_202027_1          2.5732254160E+05      4.2995412670E+06      2            1.000000000000000E+002
ic2_202032_1          2.5816074160E+05      4.2995412670E+06      2            1.000000000000000E+002
ic2_202037_1          2.5899894160E+05      4.2995412670E+06      2            1.000000000000000E+002
ic1_202042_1          2.5983714160E+05      4.2995412670E+06      1            1.000000000000000E+002
ic2_202047_1          2.6067534160E+05      4.2995412670E+06      2            1.000000000000000E+002
ic2_202052_1          2.6151354160E+05      4.2995412670E+06      2            1.000000000000000E+002
ic2_202062_1          2.6318994160E+05      4.2995412670E+06      2            1.000000000000000E+002
ic2_207022_1          2.5648434160E+05      4.2987030670E+06      2            1.000000000000000E+002
ic2_207027_1          2.5732254160E+05      4.2987030670E+06      2            1.000000000000000E+002
ic2_207032_1          2.5816074160E+05      4.2987030670E+06      2            1.000000000000000E+002
ic2_207037_1          2.5899894160E+05      4.2987030670E+06      2            1.000000000000000E+002
ic2_207047_1          2.6067534160E+05      4.2987030670E+06      2            1.000000000000000E+002
ic2_212022_1          2.5648434160E+05      4.2978648670E+06      2            1.000000000000000E+002
ic2_212027_1          2.5732254160E+05      4.2978648670E+06      2            1.000000000000000E+002
ic2_212032_1          2.5816074160E+05      4.2978648670E+06      2            1.000000000000000E+002
ic2_212042_1          2.5983714160E+05      4.2978648670E+06      2            1.000000000000000E+002
ic2_212052_1          2.6151354160E+05      4.2978648670E+06      2            1.000000000000000E+002
ic2_217017_1          2.5564614160E+05      4.2970266670E+06      2            1.000000000000000E+002
ic2_217022_1          2.5648434160E+05      4.2970266670E+06      2            1.000000000000000E+002
ic2_217027_1          2.5732254160E+05      4.2970266670E+06      2            1.000000000000000E+002
ic2_222017_1          2.5564614160E+05      4.2961884670E+06      2            1.000000000000000E+002
ic2_222022_1          2.5648434160E+05      4.2961884670E+06      2            1.000000000000000E+002
ic2_222027_1          2.5732254160E+05      4.2961884670E+06      2            1.000000000000000E+002
ic2_222032_1          2.5816074160E+05      4.2961884670E+06      2            1.000000000000000E+002
ic2_222037_1          2.5899894160E+05      4.2961884670E+06      2            1.000000000000000E+002
ic2_222047_1          2.6067534160E+05      4.2961884670E+06      2            1.000000000000000E+002
ic2_227012_1          2.5480794160E+05      4.2953502670E+06      2            1.000000000000000E+002
ic2_227017_1          2.5564614160E+05      4.2953502670E+06      2            1.000000000000000E+002
ic2_227022_1          2.5648434160E+05      4.2953502670E+06      2            1.000000000000000E+002
ic2_227027_1          2.5732254160E+05      4.2953502670E+06      2            1.000000000000000E+002
ic2_227032_1          2.5816074160E+05      4.2953502670E+06      2            1.000000000000000E+002
ic2_227037_1          2.5899894160E+05      4.2953502670E+06      2            1.000000000000000E+002
ic2_227042_1          2.5983714160E+05      4.2953502670E+06      2            1.000000000000000E+002
ic2_232012_1          2.5480794160E+05      4.2945120670E+06      2            1.000000000000000E+002
ic2_232017_1          2.5564614160E+05      4.2945120670E+06      2            1.000000000000000E+002
ic2_232022_1          2.5648434160E+05      4.2945120670E+06      2            1.000000000000000E+002
ic2_232032_1          2.5816074160E+05      4.2945120670E+06      2            1.000000000000000E+002
ic2_237012_1          2.5480794160E+05      4.2936738670E+06      2            1.000000000000000E+002
ic2_237017_1          2.5564614160E+05      4.2936738670E+06      2            1.000000000000000E+002
ic2_237027_1          2.5732254160E+05      4.2936738670E+06      2            1.000000000000000E+002
ic2_237032_1          2.5816074160E+05      4.2936738670E+06      2            1.000000000000000E+002
ic2_242012_1          2.5480794160E+05      4.2928356670E+06      2            1.000000000000000E+002
ic2_247012_1          2.5480794160E+05      4.2919974670E+06      2            1.000000000000000E+002
ic2_247017_1          2.5564614160E+05      4.2919974670E+06      2            1.000000000000000E+002
ic2_247022_1          2.5648434160E+05      4.2919974670E+06      2            1.000000000000000E+002
ic2_252012_1          2.5480794160E+05      4.2911592670E+06      2            1.000000000000000E+002
ic2_252017_1          2.5564614160E+05      4.2911592670E+06      2            1.000000000000000E+002
