hk5_007037_4          2.5899894160E+05      4.3322310670E+06      5            1.000000000000000E+000
hk5_007052_4          2.6151354160E+05      4.3322310670E+06      5            1.000000000000000E+000
hk5_022007_4          2.5396974160E+05      4.3297164670E+06      5            1.000000000000000E+000
hk5_022022_4          2.5648434160E+05      4.3297164670E+06      5            1.000000000000000E+000
hk5_022037_4          2.5899894160E+05      4.3297164670E+06      5            1.000000000000000E+000
hk5_022052_4          2.6151354160E+05      4.3297164670E+06      5            1.000000000000000E+000
hk6_022067_4          2.6402814160E+05      4.3297164670E+06      6            1.000000000000000E+000
hk5_022112_4          2.7157194160E+05      4.3297164670E+06      5            1.000000000000000E+000
hk5_022127_4          2.7408654160E+05      4.3297164670E+06      5            1.000000000000000E+000
hk5_037022_4          2.5648434160E+05      4.3272018670E+06      5            1.000000000000000E+000
hk5_037037_4          2.5899894160E+05      4.3272018670E+06      5            1.000000000000000E+000
hk5_037052_4          2.6151354160E+05      4.3272018670E+06      5            1.000000000000000E+000
hk6_037067_4          2.6402814160E+05      4.3272018670E+06      6            1.000000000000000E+000
hk6_037097_4          2.6905734160E+05      4.3272018670E+06      6            1.000000000000000E+000
hk5_037112_4          2.7157194160E+05      4.3272018670E+06      5            1.000000000000000E+000
hk5_037127_4          2.7408654160E+05      4.3272018670E+06      5            1.000000000000000E+000
hk5_037142_4          2.7660114160E+05      4.3272018670E+06      5            1.000000000000000E+000
hk5_052022_4          2.5648434160E+05      4.3246872670E+06      5            1.000000000000000E+000
hk3_052037_4          2.5899894160E+05      4.3246872670E+06      3            1.000000000000000E+000
hk5_052052_4          2.6151354160E+05      4.3246872670E+06      5            1.000000000000000E+000
hk5_052067_4          2.6402814160E+05      4.3246872670E+06      5            1.000000000000000E+000
hk5_052082_4          2.6654274160E+05      4.3246872670E+06      5            1.000000000000000E+000
hk5_052097_4          2.6905734160E+05      4.3246872670E+06      5            1.000000000000000E+000
hk5_052112_4          2.7157194160E+05      4.3246872670E+06      5            1.000000000000000E+000
hk5_052127_4          2.7408654160E+05      4.3246872670E+06      5            1.000000000000000E+000
hk5_052142_4          2.7660114160E+05      4.3246872670E+06      5            1.000000000000000E+000
hk5_052157_4          2.7911574160E+05      4.3246872670E+06      5            1.000000000000000E+000
hk5_052172_4          2.8163034160E+05      4.3246872670E+06      5            1.000000000000000E+000
hk5_052187_4          2.8414494160E+05      4.3246872670E+06      5            1.000000000000000E+000
hk5_067007_4          2.5396974160E+05      4.3221726670E+06      5            1.000000000000000E+000
hk5_067022_4          2.5648434160E+05      4.3221726670E+06      5            1.000000000000000E+000
hk3_067037_4          2.5899894160E+05      4.3221726670E+06      3            1.000000000000000E+000
hk3_067052_4          2.6151354160E+05      4.3221726670E+06      3            1.000000000000000E+000
hk5_067067_4          2.6402814160E+05      4.3221726670E+06      5            1.000000000000000E+000
hk5_067082_4          2.6654274160E+05      4.3221726670E+06      5            1.000000000000000E+000
hk5_067097_4          2.6905734160E+05      4.3221726670E+06      5            1.000000000000000E+000
hk5_067112_4          2.7157194160E+05      4.3221726670E+06      5            1.000000000000000E+000
hk5_067127_4          2.7408654160E+05      4.3221726670E+06      5            1.000000000000000E+000
hk5_067142_4          2.7660114160E+05      4.3221726670E+06      5            1.000000000000000E+000
hk5_067157_4          2.7911574160E+05      4.3221726670E+06      5            1.000000000000000E+000
hk5_067172_4          2.8163034160E+05      4.3221726670E+06      5            1.000000000000000E+000
hk5_067187_4          2.8414494160E+05      4.3221726670E+06      5            1.000000000000000E+000
hk3_082022_4          2.5648434160E+05      4.3196580670E+06      3            1.000000000000000E+000
hk3_082037_4          2.5899894160E+05      4.3196580670E+06      3            1.000000000000000E+000
hk5_082052_4          2.6151354160E+05      4.3196580670E+06      5            1.000000000000000E+000
hk5_082067_4          2.6402814160E+05      4.3196580670E+06      5            1.000000000000000E+000
hk5_082082_4          2.6654274160E+05      4.3196580670E+06      5            1.000000000000000E+000
hk5_082097_4          2.6905734160E+05      4.3196580670E+06      5            1.000000000000000E+000
hk5_082112_4          2.7157194160E+05      4.3196580670E+06      5            1.000000000000000E+000
hk5_082127_4          2.7408654160E+05      4.3196580670E+06      5            1.000000000000000E+000
hk5_082142_4          2.7660114160E+05      4.3196580670E+06      5            1.000000000000000E+000
hk5_082157_4          2.7911574160E+05      4.3196580670E+06      5            1.000000000000000E+000
hk5_082172_4          2.8163034160E+05      4.3196580670E+06      5            1.000000000000000E+000
hk5_082187_4          2.8414494160E+05      4.3196580670E+06      5            1.000000000000000E+000
hk5_097007_4          2.5396974160E+05      4.3171434670E+06      5            1.000000000000000E+000
hk3_097022_4          2.5648434160E+05      4.3171434670E+06      3            1.000000000000000E+000
hk3_097037_4          2.5899894160E+05      4.3171434670E+06      3            1.000000000000000E+000
hk5_097052_4          2.6151354160E+05      4.3171434670E+06      5            1.000000000000000E+000
hk5_097067_4          2.6402814160E+05      4.3171434670E+06      5            1.000000000000000E+000
hk5_097082_4          2.6654274160E+05      4.3171434670E+06      5            1.000000000000000E+000
hk5_097097_4          2.6905734160E+05      4.3171434670E+06      5            1.000000000000000E+000
hk5_097112_4          2.7157194160E+05      4.3171434670E+06      5            1.000000000000000E+000
hk5_097127_4          2.7408654160E+05      4.3171434670E+06      5            1.000000000000000E+000
hk5_097142_4          2.7660114160E+05      4.3171434670E+06      5            1.000000000000000E+000
hk5_097157_4          2.7911574160E+05      4.3171434670E+06      5            1.000000000000000E+000
hk5_097172_4          2.8163034160E+05      4.3171434670E+06      5            1.000000000000000E+000
hk5_097187_4          2.8414494160E+05      4.3171434670E+06      5            1.000000000000000E+000
hk5_112007_4          2.5396974160E+05      4.3146288670E+06      5            1.000000000000000E+000
hk3_112022_4          2.5648434160E+05      4.3146288670E+06      3            1.000000000000000E+000
hk3_112037_4          2.5899894160E+05      4.3146288670E+06      3            1.000000000000000E+000
hk5_112052_4          2.6151354160E+05      4.3146288670E+06      5            1.000000000000000E+000
hk5_112067_4          2.6402814160E+05      4.3146288670E+06      5            1.000000000000000E+000
hk5_112082_4          2.6654274160E+05      4.3146288670E+06      5            1.000000000000000E+000
hk6_112097_4          2.6905734160E+05      4.3146288670E+06      6            1.000000000000000E+000
hk6_112112_4          2.7157194160E+05      4.3146288670E+06      6            1.000000000000000E+000
hk6_112127_4          2.7408654160E+05      4.3146288670E+06      6            1.000000000000000E+000
hk5_112142_4          2.7660114160E+05      4.3146288670E+06      5            1.000000000000000E+000
hk5_112157_4          2.7911574160E+05      4.3146288670E+06      5            1.000000000000000E+000
hk5_112172_4          2.8163034160E+05      4.3146288670E+06      5            1.000000000000000E+000
hk5_112187_4          2.8414494160E+05      4.3146288670E+06      5            1.000000000000000E+000
hk5_127007_4          2.5396974160E+05      4.3121142670E+06      5            1.000000000000000E+000
hk5_127022_4          2.5648434160E+05      4.3121142670E+06      5            1.000000000000000E+000
hk3_127037_4          2.5899894160E+05      4.3121142670E+06      3            1.000000000000000E+000
hk5_127052_4          2.6151354160E+05      4.3121142670E+06      5            1.000000000000000E+000
hk5_127067_4          2.6402814160E+05      4.3121142670E+06      5            1.000000000000000E+000
hk5_127082_4          2.6654274160E+05      4.3121142670E+06      5            1.000000000000000E+000
hk6_127097_4          2.6905734160E+05      4.3121142670E+06      6            1.000000000000000E+000
hk6_127112_4          2.7157194160E+05      4.3121142670E+06      6            1.000000000000000E+000
hk6_127127_4          2.7408654160E+05      4.3121142670E+06      6            1.000000000000000E+000
hk6_127142_4          2.7660114160E+05      4.3121142670E+06      6            1.000000000000000E+000
hk5_127157_4          2.7911574160E+05      4.3121142670E+06      5            1.000000000000000E+000
hk5_127172_4          2.8163034160E+05      4.3121142670E+06      5            1.000000000000000E+000
hk5_127187_4          2.8414494160E+05      4.3121142670E+06      5            1.000000000000000E+000
hk5_142007_4          2.5396974160E+05      4.3095996670E+06      5            1.000000000000000E+000
hk5_142022_4          2.5648434160E+05      4.3095996670E+06      5            1.000000000000000E+000
hk3_142037_4          2.5899894160E+05      4.3095996670E+06      3            1.000000000000000E+000
hk5_142052_4          2.6151354160E+05      4.3095996670E+06      5            1.000000000000000E+000
hk5_142067_4          2.6402814160E+05      4.3095996670E+06      5            1.000000000000000E+000
hk6_142082_4          2.6654274160E+05      4.3095996670E+06      6            1.000000000000000E+000
hk6_142097_4          2.6905734160E+05      4.3095996670E+06      6            1.000000000000000E+000
hk6_142112_4          2.7157194160E+05      4.3095996670E+06      6            1.000000000000000E+000
hk6_142127_4          2.7408654160E+05      4.3095996670E+06      6            1.000000000000000E+000
hk6_142142_4          2.7660114160E+05      4.3095996670E+06      6            1.000000000000000E+000
hk5_142157_4          2.7911574160E+05      4.3095996670E+06      5            1.000000000000000E+000
hk5_142172_4          2.8163034160E+05      4.3095996670E+06      5            1.000000000000000E+000
hk5_142187_4          2.8414494160E+05      4.3095996670E+06      5            1.000000000000000E+000
hk3_157022_4          2.5648434160E+05      4.3070850670E+06      3            1.000000000000000E+000
hk5_157037_4          2.5899894160E+05      4.3070850670E+06      5            1.000000000000000E+000
hk5_157052_4          2.6151354160E+05      4.3070850670E+06      5            1.000000000000000E+000
hk6_157067_4          2.6402814160E+05      4.3070850670E+06      6            1.000000000000000E+000
hk6_157082_4          2.6654274160E+05      4.3070850670E+06      6            1.000000000000000E+000
hk6_157097_4          2.6905734160E+05      4.3070850670E+06      6            1.000000000000000E+000
hk6_157112_4          2.7157194160E+05      4.3070850670E+06      6            1.000000000000000E+000
hk6_157127_4          2.7408654160E+05      4.3070850670E+06      6            1.000000000000000E+000
hk6_157142_4          2.7660114160E+05      4.3070850670E+06      6            1.000000000000000E+000
hk6_157157_4          2.7911574160E+05      4.3070850670E+06      6            1.000000000000000E+000
hk5_157172_4          2.8163034160E+05      4.3070850670E+06      5            1.000000000000000E+000
hk5_157187_4          2.8414494160E+05      4.3070850670E+06      5            1.000000000000000E+000
hk5_172022_4          2.5648434160E+05      4.3045704670E+06      5            1.000000000000000E+000
hk5_172037_4          2.5899894160E+05      4.3045704670E+06      5            1.000000000000000E+000
hk5_172052_4          2.6151354160E+05      4.3045704670E+06      5            1.000000000000000E+000
hk6_172067_4          2.6402814160E+05      4.3045704670E+06      6            1.000000000000000E+000
hk6_172112_4          2.7157194160E+05      4.3045704670E+06      6            1.000000000000000E+000
hk6_172127_4          2.7408654160E+05      4.3045704670E+06      6            1.000000000000000E+000
hk6_172142_4          2.7660114160E+05      4.3045704670E+06      6            1.000000000000000E+000
hk6_172157_4          2.7911574160E+05      4.3045704670E+06      6            1.000000000000000E+000
hk6_172172_4          2.8163034160E+05      4.3045704670E+06      6            1.000000000000000E+000
hk5_187037_4          2.5899894160E+05      4.3020558670E+06      5            1.000000000000000E+000
hk6_187052_4          2.6151354160E+05      4.3020558670E+06      6            1.000000000000000E+000
hk6_187067_4          2.6402814160E+05      4.3020558670E+06      6            1.000000000000000E+000
hk6_187127_4          2.7408654160E+05      4.3020558670E+06      6            1.000000000000000E+000
hk6_187142_4          2.7660114160E+05      4.3020558670E+06      6            1.000000000000000E+000
hk6_187157_4          2.7911574160E+05      4.3020558670E+06      6            1.000000000000000E+000
hk6_187172_4          2.8163034160E+05      4.3020558670E+06      6            1.000000000000000E+000
hk5_202037_4          2.5899894160E+05      4.2995412670E+06      5            1.000000000000000E+000
hk5_202052_4          2.6151354160E+05      4.2995412670E+06      5            1.000000000000000E+000
hk5_202067_4          2.6402814160E+05      4.2995412670E+06      5            1.000000000000000E+000
hk6_202157_4          2.7911574160E+05      4.2995412670E+06      6            1.000000000000000E+000
hk6_202172_4          2.8163034160E+05      4.2995412670E+06      6            1.000000000000000E+000
hk5_217022_4          2.5648434160E+05      4.2970266670E+06      5            1.000000000000000E+000
hk5_217037_4          2.5899894160E+05      4.2970266670E+06      5            1.000000000000000E+000
hk5_217052_4          2.6151354160E+05      4.2970266670E+06      5            1.000000000000000E+000
hk5_232022_4          2.5648434160E+05      4.2945120670E+06      5            1.000000000000000E+000
hk5_232037_4          2.5899894160E+05      4.2945120670E+06      5            1.000000000000000E+000
hk5_247022_4          2.5648434160E+05      4.2919974670E+06      5            1.000000000000000E+000
hk5_247037_4          2.5899894160E+05      4.2919974670E+06      5            1.000000000000000E+000
