sy1_002042_1          2.5983714160E+05      4.3330692670E+06      1            1.000000000000000E+000
sy2_002047_1          2.6067534160E+05      4.3330692670E+06      2            1.000000000000000E+000
sy2_007037_1          2.5899894160E+05      4.3322310670E+06      2            1.000000000000000E+000
sy2_007042_1          2.5983714160E+05      4.3322310670E+06      2            1.000000000000000E+000
sy2_007047_1          2.6067534160E+05      4.3322310670E+06      2            1.000000000000000E+000
sy1_007052_1          2.6151354160E+05      4.3322310670E+06      1            1.000000000000000E+000
sy1_007057_1          2.6235174160E+05      4.3322310670E+06      1            1.000000000000000E+000
sy2_007062_1          2.6318994160E+05      4.3322310670E+06      2            1.000000000000000E+000
sy2_012037_1          2.5899894160E+05      4.3313928670E+06      2            1.000000000000000E+000
sy2_012042_1          2.5983714160E+05      4.3313928670E+06      2            1.000000000000000E+000
sy2_012047_1          2.6067534160E+05      4.3313928670E+06      2            1.000000000000000E+000
sy2_012052_1          2.6151354160E+05      4.3313928670E+06      2            1.000000000000000E+000
sy1_012057_1          2.6235174160E+05      4.3313928670E+06      1            1.000000000000000E+000
sy2_012062_1          2.6318994160E+05      4.3313928670E+06      2            1.000000000000000E+000
sy2_017012_1          2.5480794160E+05      4.3305546670E+06      2            1.000000000000000E+000
sy2_017017_1          2.5564614160E+05      4.3305546670E+06      2            1.000000000000000E+000
sy2_017022_1          2.5648434160E+05      4.3305546670E+06      2            1.000000000000000E+000
sy2_017027_1          2.5732254160E+05      4.3305546670E+06      2            1.000000000000000E+000
sy2_017032_1          2.5816074160E+05      4.3305546670E+06      2            1.000000000000000E+000
sy2_017037_1          2.5899894160E+05      4.3305546670E+06      2            1.000000000000000E+000
sy2_017042_1          2.5983714160E+05      4.3305546670E+06      2            1.000000000000000E+000
sy2_017047_1          2.6067534160E+05      4.3305546670E+06      2            1.000000000000000E+000
sy1_017052_1          2.6151354160E+05      4.3305546670E+06      1            1.000000000000000E+000
sy1_017057_1          2.6235174160E+05      4.3305546670E+06      1            1.000000000000000E+000
sy1_017062_1          2.6318994160E+05      4.3305546670E+06      1            1.000000000000000E+000
sy2_017067_1          2.6402814160E+05      4.3305546670E+06      2            1.000000000000000E+000
sy2_017117_1          2.7241014160E+05      4.3305546670E+06      2            1.000000000000000E+000
sy2_017122_1          2.7324834160E+05      4.3305546670E+06      2            1.000000000000000E+000
sy2_017127_1          2.7408654160E+05      4.3305546670E+06      2            1.000000000000000E+000
sy2_022007_1          2.5396974160E+05      4.3297164670E+06      2            1.000000000000000E+000
sy2_022012_1          2.5480794160E+05      4.3297164670E+06      2            1.000000000000000E+000
sy2_022017_1          2.5564614160E+05      4.3297164670E+06      2            1.000000000000000E+000
sy2_022022_1          2.5648434160E+05      4.3297164670E+06      2            1.000000000000000E+000
sy2_022027_1          2.5732254160E+05      4.3297164670E+06      2            1.000000000000000E+000
sy2_022032_1          2.5816074160E+05      4.3297164670E+06      2            1.000000000000000E+000
sy2_022037_1          2.5899894160E+05      4.3297164670E+06      2            1.000000000000000E+000
sy2_022047_1          2.6067534160E+05      4.3297164670E+06      2            1.000000000000000E+000
sy1_022052_1          2.6151354160E+05      4.3297164670E+06      1            1.000000000000000E+000
sy1_022057_1          2.6235174160E+05      4.3297164670E+06      1            1.000000000000000E+000
sy1_022062_1          2.6318994160E+05      4.3297164670E+06      1            1.000000000000000E+000
sy2_022112_1          2.7157194160E+05      4.3297164670E+06      2            1.000000000000000E+000
sy2_022122_1          2.7324834160E+05      4.3297164670E+06      2            1.000000000000000E+000
sy2_022127_1          2.7408654160E+05      4.3297164670E+06      2            1.000000000000000E+000
sy2_027007_1          2.5396974160E+05      4.3288782670E+06      2            1.000000000000000E+000
sy2_027012_1          2.5480794160E+05      4.3288782670E+06      2            1.000000000000000E+000
sy2_027017_1          2.5564614160E+05      4.3288782670E+06      2            1.000000000000000E+000
sy2_027022_1          2.5648434160E+05      4.3288782670E+06      2            1.000000000000000E+000
sy2_027027_1          2.5732254160E+05      4.3288782670E+06      2            1.000000000000000E+000
sy2_027032_1          2.5816074160E+05      4.3288782670E+06      2            1.000000000000000E+000
sy2_027037_1          2.5899894160E+05      4.3288782670E+06      2            1.000000000000000E+000
sy2_027042_1          2.5983714160E+05      4.3288782670E+06      2            1.000000000000000E+000
sy1_027047_1          2.6067534160E+05      4.3288782670E+06      1            1.000000000000000E+000
sy1_027052_1          2.6151354160E+05      4.3288782670E+06      1            1.000000000000000E+000
sy1_027057_1          2.6235174160E+05      4.3288782670E+06      1            1.000000000000000E+000
sy2_027062_1          2.6318994160E+05      4.3288782670E+06      2            1.000000000000000E+000
sy2_027127_1          2.7408654160E+05      4.3288782670E+06      2            1.000000000000000E+000
sy2_032007_1          2.5396974160E+05      4.3280400670E+06      2            1.000000000000000E+000
sy2_032012_1          2.5480794160E+05      4.3280400670E+06      2            1.000000000000000E+000
sy2_032017_1          2.5564614160E+05      4.3280400670E+06      2            1.000000000000000E+000
sy2_032022_1          2.5648434160E+05      4.3280400670E+06      2            1.000000000000000E+000
sy2_032027_1          2.5732254160E+05      4.3280400670E+06      2            1.000000000000000E+000
sy2_032032_1          2.5816074160E+05      4.3280400670E+06      2            1.000000000000000E+000
sy2_032037_1          2.5899894160E+05      4.3280400670E+06      2            1.000000000000000E+000
sy1_032042_1          2.5983714160E+05      4.3280400670E+06      1            1.000000000000000E+000
sy1_032047_1          2.6067534160E+05      4.3280400670E+06      1            1.000000000000000E+000
sy1_032052_1          2.6151354160E+05      4.3280400670E+06      1            1.000000000000000E+000
sy1_032057_1          2.6235174160E+05      4.3280400670E+06      1            1.000000000000000E+000
sy2_032062_1          2.6318994160E+05      4.3280400670E+06      2            1.000000000000000E+000
sy2_032127_1          2.7408654160E+05      4.3280400670E+06      2            1.000000000000000E+000
sy2_037012_1          2.5480794160E+05      4.3272018670E+06      2            1.000000000000000E+000
sy2_037017_1          2.5564614160E+05      4.3272018670E+06      2            1.000000000000000E+000
sy2_037027_1          2.5732254160E+05      4.3272018670E+06      2            1.000000000000000E+000
sy2_037032_1          2.5816074160E+05      4.3272018670E+06      2            1.000000000000000E+000
sy1_037037_1          2.5899894160E+05      4.3272018670E+06      1            1.000000000000000E+000
sy1_037042_1          2.5983714160E+05      4.3272018670E+06      1            1.000000000000000E+000
sy1_037047_1          2.6067534160E+05      4.3272018670E+06      1            1.000000000000000E+000
sy1_037052_1          2.6151354160E+05      4.3272018670E+06      1            1.000000000000000E+000
sy1_037057_1          2.6235174160E+05      4.3272018670E+06      1            1.000000000000000E+000
sy2_037062_1          2.6318994160E+05      4.3272018670E+06      2            1.000000000000000E+000
sy2_037087_1          2.6738094160E+05      4.3272018670E+06      2            1.000000000000000E+000
sy2_037092_1          2.6821914160E+05      4.3272018670E+06      2            1.000000000000000E+000
sy2_037097_1          2.6905734160E+05      4.3272018670E+06      2            1.000000000000000E+000
sy2_042012_1          2.5480794160E+05      4.3263636670E+06      2            1.000000000000000E+000
sy2_042017_1          2.5564614160E+05      4.3263636670E+06      2            1.000000000000000E+000
sy2_042022_1          2.5648434160E+05      4.3263636670E+06      2            1.000000000000000E+000
sy2_042027_1          2.5732254160E+05      4.3263636670E+06      2            1.000000000000000E+000
sy2_042032_1          2.5816074160E+05      4.3263636670E+06      2            1.000000000000000E+000
sy1_042037_1          2.5899894160E+05      4.3263636670E+06      1            1.000000000000000E+000
sy1_042042_1          2.5983714160E+05      4.3263636670E+06      1            1.000000000000000E+000
sy1_042047_1          2.6067534160E+05      4.3263636670E+06      1            1.000000000000000E+000
sy2_042052_1          2.6151354160E+05      4.3263636670E+06      2            1.000000000000000E+000
sy2_042057_1          2.6235174160E+05      4.3263636670E+06      2            1.000000000000000E+000
sy2_042062_1          2.6318994160E+05      4.3263636670E+06      2            1.000000000000000E+000
sy2_042082_1          2.6654274160E+05      4.3263636670E+06      2            1.000000000000000E+000
sy2_042092_1          2.6821914160E+05      4.3263636670E+06      2            1.000000000000000E+000
sy2_042097_1          2.6905734160E+05      4.3263636670E+06      2            1.000000000000000E+000
sy2_047017_1          2.5564614160E+05      4.3255254670E+06      2            1.000000000000000E+000
sy1_047022_1          2.5648434160E+05      4.3255254670E+06      1            1.000000000000000E+000
sy1_047027_1          2.5732254160E+05      4.3255254670E+06      1            1.000000000000000E+000
sy1_047032_1          2.5816074160E+05      4.3255254670E+06      1            1.000000000000000E+000
sy1_047037_1          2.5899894160E+05      4.3255254670E+06      1            1.000000000000000E+000
sy1_047042_1          2.5983714160E+05      4.3255254670E+06      1            1.000000000000000E+000
sy2_047047_1          2.6067534160E+05      4.3255254670E+06      2            1.000000000000000E+000
sy2_047052_1          2.6151354160E+05      4.3255254670E+06      2            1.000000000000000E+000
sy2_047057_1          2.6235174160E+05      4.3255254670E+06      2            1.000000000000000E+000
sy2_047062_1          2.6318994160E+05      4.3255254670E+06      2            1.000000000000000E+000
sy2_047067_1          2.6402814160E+05      4.3255254670E+06      2            1.000000000000000E+000
sy2_047072_1          2.6486634160E+05      4.3255254670E+06      2            1.000000000000000E+000
sy2_047077_1          2.6570454160E+05      4.3255254670E+06      2            1.000000000000000E+000
sy2_047082_1          2.6654274160E+05      4.3255254670E+06      2            1.000000000000000E+000
sy2_047097_1          2.6905734160E+05      4.3255254670E+06      2            1.000000000000000E+000
sy2_052012_1          2.5480794160E+05      4.3246872670E+06      2            1.000000000000000E+000
sy1_052017_1          2.5564614160E+05      4.3246872670E+06      1            1.000000000000000E+000
sy1_052022_1          2.5648434160E+05      4.3246872670E+06      1            1.000000000000000E+000
sy1_052027_1          2.5732254160E+05      4.3246872670E+06      1            1.000000000000000E+000
sy1_052032_1          2.5816074160E+05      4.3246872670E+06      1            1.000000000000000E+000
sy2_052037_1          2.5899894160E+05      4.3246872670E+06      2            1.000000000000000E+000
sy2_052042_1          2.5983714160E+05      4.3246872670E+06      2            1.000000000000000E+000
sy2_052047_1          2.6067534160E+05      4.3246872670E+06      2            1.000000000000000E+000
sy2_052052_1          2.6151354160E+05      4.3246872670E+06      2            1.000000000000000E+000
sy2_052057_1          2.6235174160E+05      4.3246872670E+06      2            1.000000000000000E+000
sy2_052062_1          2.6318994160E+05      4.3246872670E+06      2            1.000000000000000E+000
sy2_052067_1          2.6402814160E+05      4.3246872670E+06      2            1.000000000000000E+000
sy2_052072_1          2.6486634160E+05      4.3246872670E+06      2            1.000000000000000E+000
sy2_052077_1          2.6570454160E+05      4.3246872670E+06      2            1.000000000000000E+000
sy2_052097_1          2.6905734160E+05      4.3246872670E+06      2            1.000000000000000E+000
sy2_057012_1          2.5480794160E+05      4.3238490670E+06      2            1.000000000000000E+000
sy1_057017_1          2.5564614160E+05      4.3238490670E+06      1            1.000000000000000E+000
sy1_057022_1          2.5648434160E+05      4.3238490670E+06      1            1.000000000000000E+000
sy1_057027_1          2.5732254160E+05      4.3238490670E+06      1            1.000000000000000E+000
sy1_057032_1          2.5816074160E+05      4.3238490670E+06      1            1.000000000000000E+000
sy2_057037_1          2.5899894160E+05      4.3238490670E+06      2            1.000000000000000E+000
sy2_057042_1          2.5983714160E+05      4.3238490670E+06      2            1.000000000000000E+000
sy2_057047_1          2.6067534160E+05      4.3238490670E+06      2            1.000000000000000E+000
sy2_057052_1          2.6151354160E+05      4.3238490670E+06      2            1.000000000000000E+000
sy2_057057_1          2.6235174160E+05      4.3238490670E+06      2            1.000000000000000E+000
sy2_057062_1          2.6318994160E+05      4.3238490670E+06      2            1.000000000000000E+000
sy2_057067_1          2.6402814160E+05      4.3238490670E+06      2            1.000000000000000E+000
sy2_057072_1          2.6486634160E+05      4.3238490670E+06      2            1.000000000000000E+000
sy2_057097_1          2.6905734160E+05      4.3238490670E+06      2            1.000000000000000E+000
sy2_057102_1          2.6989554160E+05      4.3238490670E+06      2            1.000000000000000E+000
sy2_062007_1          2.5396974160E+05      4.3230108670E+06      2            1.000000000000000E+000
sy1_062012_1          2.5480794160E+05      4.3230108670E+06      1            1.000000000000000E+000
sy1_062017_1          2.5564614160E+05      4.3230108670E+06      1            1.000000000000000E+000
sy1_062022_1          2.5648434160E+05      4.3230108670E+06      1            1.000000000000000E+000
sy1_062027_1          2.5732254160E+05      4.3230108670E+06      1            1.000000000000000E+000
sy1_062032_1          2.5816074160E+05      4.3230108670E+06      1            1.000000000000000E+000
sy1_062037_1          2.5899894160E+05      4.3230108670E+06      1            1.000000000000000E+000
sy2_062042_1          2.5983714160E+05      4.3230108670E+06      2            1.000000000000000E+000
sy2_062047_1          2.6067534160E+05      4.3230108670E+06      2            1.000000000000000E+000
sy2_062052_1          2.6151354160E+05      4.3230108670E+06      2            1.000000000000000E+000
sy2_062057_1          2.6235174160E+05      4.3230108670E+06      2            1.000000000000000E+000
sy2_062062_1          2.6318994160E+05      4.3230108670E+06      2            1.000000000000000E+000
sy2_062067_1          2.6402814160E+05      4.3230108670E+06      2            1.000000000000000E+000
sy2_062072_1          2.6486634160E+05      4.3230108670E+06      2            1.000000000000000E+000
sy2_062102_1          2.6989554160E+05      4.3230108670E+06      2            1.000000000000000E+000
sy2_067007_1          2.5396974160E+05      4.3221726670E+06      2            1.000000000000000E+000
sy1_067012_1          2.5480794160E+05      4.3221726670E+06      1            1.000000000000000E+000
sy1_067017_1          2.5564614160E+05      4.3221726670E+06      1            1.000000000000000E+000
sy1_067022_1          2.5648434160E+05      4.3221726670E+06      1            1.000000000000000E+000
sy1_067027_1          2.5732254160E+05      4.3221726670E+06      1            1.000000000000000E+000
sy1_067032_1          2.5816074160E+05      4.3221726670E+06      1            1.000000000000000E+000
sy1_067037_1          2.5899894160E+05      4.3221726670E+06      1            1.000000000000000E+000
sy2_067042_1          2.5983714160E+05      4.3221726670E+06      2            1.000000000000000E+000
sy2_067047_1          2.6067534160E+05      4.3221726670E+06      2            1.000000000000000E+000
sy2_067052_1          2.6151354160E+05      4.3221726670E+06      2            1.000000000000000E+000
sy2_067057_1          2.6235174160E+05      4.3221726670E+06      2            1.000000000000000E+000
sy2_067062_1          2.6318994160E+05      4.3221726670E+06      2            1.000000000000000E+000
sy2_067067_1          2.6402814160E+05      4.3221726670E+06      2            1.000000000000000E+000
sy2_067072_1          2.6486634160E+05      4.3221726670E+06      2            1.000000000000000E+000
sy2_067102_1          2.6989554160E+05      4.3221726670E+06      2            1.000000000000000E+000
sy2_072002_1          2.5313154160E+05      4.3213344670E+06      2            1.000000000000000E+000
sy2_072007_1          2.5396974160E+05      4.3213344670E+06      2            1.000000000000000E+000
sy1_072012_1          2.5480794160E+05      4.3213344670E+06      1            1.000000000000000E+000
sy1_072017_1          2.5564614160E+05      4.3213344670E+06      1            1.000000000000000E+000
sy1_072022_1          2.5648434160E+05      4.3213344670E+06      1            1.000000000000000E+000
sy1_072027_1          2.5732254160E+05      4.3213344670E+06      1            1.000000000000000E+000
sy1_072032_1          2.5816074160E+05      4.3213344670E+06      1            1.000000000000000E+000
sy2_072037_1          2.5899894160E+05      4.3213344670E+06      2            1.000000000000000E+000
sy2_072042_1          2.5983714160E+05      4.3213344670E+06      2            1.000000000000000E+000
sy2_072047_1          2.6067534160E+05      4.3213344670E+06      2            1.000000000000000E+000
sy2_072052_1          2.6151354160E+05      4.3213344670E+06      2            1.000000000000000E+000
sy2_072057_1          2.6235174160E+05      4.3213344670E+06      2            1.000000000000000E+000
sy2_072062_1          2.6318994160E+05      4.3213344670E+06      2            1.000000000000000E+000
sy2_072067_1          2.6402814160E+05      4.3213344670E+06      2            1.000000000000000E+000
sy2_072072_1          2.6486634160E+05      4.3213344670E+06      2            1.000000000000000E+000
sy2_072077_1          2.6570454160E+05      4.3213344670E+06      2            1.000000000000000E+000
sy2_072082_1          2.6654274160E+05      4.3213344670E+06      2            1.000000000000000E+000
sy2_072097_1          2.6905734160E+05      4.3213344670E+06      2            1.000000000000000E+000
sy2_077007_1          2.5396974160E+05      4.3204962670E+06      2            1.000000000000000E+000
sy1_077012_1          2.5480794160E+05      4.3204962670E+06      1            1.000000000000000E+000
sy1_077017_1          2.5564614160E+05      4.3204962670E+06      1            1.000000000000000E+000
sy1_077022_1          2.5648434160E+05      4.3204962670E+06      1            1.000000000000000E+000
sy1_077027_1          2.5732254160E+05      4.3204962670E+06      1            1.000000000000000E+000
sy1_077032_1          2.5816074160E+05      4.3204962670E+06      1            1.000000000000000E+000
sy1_077037_1          2.5899894160E+05      4.3204962670E+06      1            1.000000000000000E+000
sy2_077042_1          2.5983714160E+05      4.3204962670E+06      2            1.000000000000000E+000
sy2_077047_1          2.6067534160E+05      4.3204962670E+06      2            1.000000000000000E+000
sy2_077052_1          2.6151354160E+05      4.3204962670E+06      2            1.000000000000000E+000
sy2_077057_1          2.6235174160E+05      4.3204962670E+06      2            1.000000000000000E+000
sy2_077062_1          2.6318994160E+05      4.3204962670E+06      2            1.000000000000000E+000
sy2_077067_1          2.6402814160E+05      4.3204962670E+06      2            1.000000000000000E+000
sy2_077072_1          2.6486634160E+05      4.3204962670E+06      2            1.000000000000000E+000
sy2_077077_1          2.6570454160E+05      4.3204962670E+06      2            1.000000000000000E+000
sy2_077082_1          2.6654274160E+05      4.3204962670E+06      2            1.000000000000000E+000
sy1_082012_1          2.5480794160E+05      4.3196580670E+06      1            1.000000000000000E+000
sy1_082017_1          2.5564614160E+05      4.3196580670E+06      1            1.000000000000000E+000
sy1_082022_1          2.5648434160E+05      4.3196580670E+06      1            1.000000000000000E+000
sy1_082027_1          2.5732254160E+05      4.3196580670E+06      1            1.000000000000000E+000
sy1_082032_1          2.5816074160E+05      4.3196580670E+06      1            1.000000000000000E+000
sy1_082037_1          2.5899894160E+05      4.3196580670E+06      1            1.000000000000000E+000
sy2_082042_1          2.5983714160E+05      4.3196580670E+06      2            1.000000000000000E+000
sy2_082047_1          2.6067534160E+05      4.3196580670E+06      2            1.000000000000000E+000
sy2_082052_1          2.6151354160E+05      4.3196580670E+06      2            1.000000000000000E+000
sy2_082057_1          2.6235174160E+05      4.3196580670E+06      2            1.000000000000000E+000
sy2_082062_1          2.6318994160E+05      4.3196580670E+06      2            1.000000000000000E+000
sy2_082067_1          2.6402814160E+05      4.3196580670E+06      2            1.000000000000000E+000
sy2_082072_1          2.6486634160E+05      4.3196580670E+06      2            1.000000000000000E+000
sy2_082077_1          2.6570454160E+05      4.3196580670E+06      2            1.000000000000000E+000
sy3_082097_1          2.6905734160E+05      4.3196580670E+06      3            1.000000000000000E+000
sy2_082107_1          2.7073374160E+05      4.3196580670E+06      2            1.000000000000000E+000
sy1_087012_1          2.5480794160E+05      4.3188198670E+06      1            1.000000000000000E+000
sy1_087017_1          2.5564614160E+05      4.3188198670E+06      1            1.000000000000000E+000
sy1_087022_1          2.5648434160E+05      4.3188198670E+06      1            1.000000000000000E+000
sy1_087027_1          2.5732254160E+05      4.3188198670E+06      1            1.000000000000000E+000
sy1_087032_1          2.5816074160E+05      4.3188198670E+06      1            1.000000000000000E+000
sy1_087037_1          2.5899894160E+05      4.3188198670E+06      1            1.000000000000000E+000
sy1_087042_1          2.5983714160E+05      4.3188198670E+06      1            1.000000000000000E+000
sy2_087047_1          2.6067534160E+05      4.3188198670E+06      2            1.000000000000000E+000
sy2_087052_1          2.6151354160E+05      4.3188198670E+06      2            1.000000000000000E+000
sy2_087057_1          2.6235174160E+05      4.3188198670E+06      2            1.000000000000000E+000
sy2_087062_1          2.6318994160E+05      4.3188198670E+06      2            1.000000000000000E+000
sy2_087067_1          2.6402814160E+05      4.3188198670E+06      2            1.000000000000000E+000
sy2_087072_1          2.6486634160E+05      4.3188198670E+06      2            1.000000000000000E+000
sy2_087077_1          2.6570454160E+05      4.3188198670E+06      2            1.000000000000000E+000
sy2_087082_1          2.6654274160E+05      4.3188198670E+06      2            1.000000000000000E+000
sy2_087087_1          2.6738094160E+05      4.3188198670E+06      2            1.000000000000000E+000
sy2_087102_1          2.6989554160E+05      4.3188198670E+06      2            1.000000000000000E+000
sy2_087187_1          2.8414494160E+05      4.3188198670E+06      2            1.000000000000000E+000
sy1_092012_1          2.5480794160E+05      4.3179816670E+06      1            1.000000000000000E+000
sy1_092017_1          2.5564614160E+05      4.3179816670E+06      1            1.000000000000000E+000
sy1_092022_1          2.5648434160E+05      4.3179816670E+06      1            1.000000000000000E+000
sy1_092027_1          2.5732254160E+05      4.3179816670E+06      1            1.000000000000000E+000
sy1_092032_1          2.5816074160E+05      4.3179816670E+06      1            1.000000000000000E+000
sy1_092037_1          2.5899894160E+05      4.3179816670E+06      1            1.000000000000000E+000
sy1_092042_1          2.5983714160E+05      4.3179816670E+06      1            1.000000000000000E+000
sy2_092047_1          2.6067534160E+05      4.3179816670E+06      2            1.000000000000000E+000
sy2_092052_1          2.6151354160E+05      4.3179816670E+06      2            1.000000000000000E+000
sy2_092057_1          2.6235174160E+05      4.3179816670E+06      2            1.000000000000000E+000
sy2_092062_1          2.6318994160E+05      4.3179816670E+06      2            1.000000000000000E+000
sy2_092067_1          2.6402814160E+05      4.3179816670E+06      2            1.000000000000000E+000
sy2_092072_1          2.6486634160E+05      4.3179816670E+06      2            1.000000000000000E+000
sy2_092077_1          2.6570454160E+05      4.3179816670E+06      2            1.000000000000000E+000
sy2_092082_1          2.6654274160E+05      4.3179816670E+06      2            1.000000000000000E+000
sy2_092087_1          2.6738094160E+05      4.3179816670E+06      2            1.000000000000000E+000
sy2_092092_1          2.6821914160E+05      4.3179816670E+06      2            1.000000000000000E+000
sy2_092097_1          2.6905734160E+05      4.3179816670E+06      2            1.000000000000000E+000
sy2_092117_1          2.7241014160E+05      4.3179816670E+06      2            1.000000000000000E+000
sy2_092187_1          2.8414494160E+05      4.3179816670E+06      2            1.000000000000000E+000
sy2_092192_1          2.8498314160E+05      4.3179816670E+06      2            1.000000000000000E+000
sy2_097007_1          2.5396974160E+05      4.3171434670E+06      2            1.000000000000000E+000
sy1_097012_1          2.5480794160E+05      4.3171434670E+06      1            1.000000000000000E+000
sy1_097017_1          2.5564614160E+05      4.3171434670E+06      1            1.000000000000000E+000
sy1_097022_1          2.5648434160E+05      4.3171434670E+06      1            1.000000000000000E+000
sy1_097027_1          2.5732254160E+05      4.3171434670E+06      1            1.000000000000000E+000
sy1_097032_1          2.5816074160E+05      4.3171434670E+06      1            1.000000000000000E+000
sy1_097037_1          2.5899894160E+05      4.3171434670E+06      1            1.000000000000000E+000
sy1_097042_1          2.5983714160E+05      4.3171434670E+06      1            1.000000000000000E+000
sy1_097047_1          2.6067534160E+05      4.3171434670E+06      1            1.000000000000000E+000
sy2_097052_1          2.6151354160E+05      4.3171434670E+06      2            1.000000000000000E+000
sy2_097057_1          2.6235174160E+05      4.3171434670E+06      2            1.000000000000000E+000
sy2_097062_1          2.6318994160E+05      4.3171434670E+06      2            1.000000000000000E+000
sy2_097067_1          2.6402814160E+05      4.3171434670E+06      2            1.000000000000000E+000
sy2_097072_1          2.6486634160E+05      4.3171434670E+06      2            1.000000000000000E+000
sy2_097077_1          2.6570454160E+05      4.3171434670E+06      2            1.000000000000000E+000
sy2_097082_1          2.6654274160E+05      4.3171434670E+06      2            1.000000000000000E+000
sy2_097087_1          2.6738094160E+05      4.3171434670E+06      2            1.000000000000000E+000
sy2_097187_1          2.8414494160E+05      4.3171434670E+06      2            1.000000000000000E+000
sy2_097192_1          2.8498314160E+05      4.3171434670E+06      2            1.000000000000000E+000
sy2_102007_1          2.5396974160E+05      4.3163052670E+06      2            1.000000000000000E+000
sy1_102012_1          2.5480794160E+05      4.3163052670E+06      1            1.000000000000000E+000
sy1_102017_1          2.5564614160E+05      4.3163052670E+06      1            1.000000000000000E+000
sy1_102022_1          2.5648434160E+05      4.3163052670E+06      1            1.000000000000000E+000
sy1_102027_1          2.5732254160E+05      4.3163052670E+06      1            1.000000000000000E+000
sy1_102032_1          2.5816074160E+05      4.3163052670E+06      1            1.000000000000000E+000
sy1_102037_1          2.5899894160E+05      4.3163052670E+06      1            1.000000000000000E+000
sy1_102042_1          2.5983714160E+05      4.3163052670E+06      1            1.000000000000000E+000
sy1_102047_1          2.6067534160E+05      4.3163052670E+06      1            1.000000000000000E+000
sy2_102052_1          2.6151354160E+05      4.3163052670E+06      2            1.000000000000000E+000
sy2_102057_1          2.6235174160E+05      4.3163052670E+06      2            1.000000000000000E+000
sy2_102062_1          2.6318994160E+05      4.3163052670E+06      2            1.000000000000000E+000
sy2_102067_1          2.6402814160E+05      4.3163052670E+06      2            1.000000000000000E+000
sy2_102072_1          2.6486634160E+05      4.3163052670E+06      2            1.000000000000000E+000
sy2_102077_1          2.6570454160E+05      4.3163052670E+06      2            1.000000000000000E+000
sy2_102092_1          2.6821914160E+05      4.3163052670E+06      2            1.000000000000000E+000
sy2_102122_1          2.7324834160E+05      4.3163052670E+06      2            1.000000000000000E+000
sy2_102187_1          2.8414494160E+05      4.3163052670E+06      2            1.000000000000000E+000
sy2_102192_1          2.8498314160E+05      4.3163052670E+06      2            1.000000000000000E+000
sy2_107007_1          2.5396974160E+05      4.3154670670E+06      2            1.000000000000000E+000
sy1_107012_1          2.5480794160E+05      4.3154670670E+06      1            1.000000000000000E+000
sy1_107017_1          2.5564614160E+05      4.3154670670E+06      1            1.000000000000000E+000
sy1_107022_1          2.5648434160E+05      4.3154670670E+06      1            1.000000000000000E+000
sy1_107027_1          2.5732254160E+05      4.3154670670E+06      1            1.000000000000000E+000
sy1_107032_1          2.5816074160E+05      4.3154670670E+06      1            1.000000000000000E+000
sy1_107037_1          2.5899894160E+05      4.3154670670E+06      1            1.000000000000000E+000
sy1_107042_1          2.5983714160E+05      4.3154670670E+06      1            1.000000000000000E+000
sy1_107047_1          2.6067534160E+05      4.3154670670E+06      1            1.000000000000000E+000
sy2_107052_1          2.6151354160E+05      4.3154670670E+06      2            1.000000000000000E+000
sy2_107057_1          2.6235174160E+05      4.3154670670E+06      2            1.000000000000000E+000
sy2_107062_1          2.6318994160E+05      4.3154670670E+06      2            1.000000000000000E+000
sy2_107067_1          2.6402814160E+05      4.3154670670E+06      2            1.000000000000000E+000
sy2_107072_1          2.6486634160E+05      4.3154670670E+06      2            1.000000000000000E+000
sy2_107077_1          2.6570454160E+05      4.3154670670E+06      2            1.000000000000000E+000
sy2_107082_1          2.6654274160E+05      4.3154670670E+06      2            1.000000000000000E+000
sy2_107087_1          2.6738094160E+05      4.3154670670E+06      2            1.000000000000000E+000
sy2_107097_1          2.6905734160E+05      4.3154670670E+06      2            1.000000000000000E+000
sy2_107107_1          2.7073374160E+05      4.3154670670E+06      2            1.000000000000000E+000
sy2_107127_1          2.7408654160E+05      4.3154670670E+06      2            1.000000000000000E+000
sy2_107187_1          2.8414494160E+05      4.3154670670E+06      2            1.000000000000000E+000
sy2_107192_1          2.8498314160E+05      4.3154670670E+06      2            1.000000000000000E+000
sy2_112007_1          2.5396974160E+05      4.3146288670E+06      2            1.000000000000000E+000
sy1_112012_1          2.5480794160E+05      4.3146288670E+06      1            1.000000000000000E+000
sy1_112017_1          2.5564614160E+05      4.3146288670E+06      1            1.000000000000000E+000
sy1_112022_1          2.5648434160E+05      4.3146288670E+06      1            1.000000000000000E+000
sy1_112027_1          2.5732254160E+05      4.3146288670E+06      1            1.000000000000000E+000
sy1_112032_1          2.5816074160E+05      4.3146288670E+06      1            1.000000000000000E+000
sy1_112037_1          2.5899894160E+05      4.3146288670E+06      1            1.000000000000000E+000
sy1_112042_1          2.5983714160E+05      4.3146288670E+06      1            1.000000000000000E+000
sy1_112047_1          2.6067534160E+05      4.3146288670E+06      1            1.000000000000000E+000
sy1_112052_1          2.6151354160E+05      4.3146288670E+06      1            1.000000000000000E+000
sy2_112057_1          2.6235174160E+05      4.3146288670E+06      2            1.000000000000000E+000
sy2_112062_1          2.6318994160E+05      4.3146288670E+06      2            1.000000000000000E+000
sy2_112067_1          2.6402814160E+05      4.3146288670E+06      2            1.000000000000000E+000
sy2_112072_1          2.6486634160E+05      4.3146288670E+06      2            1.000000000000000E+000
sy2_112077_1          2.6570454160E+05      4.3146288670E+06      2            1.000000000000000E+000
sy2_112092_1          2.6821914160E+05      4.3146288670E+06      2            1.000000000000000E+000
sy2_112107_1          2.7073374160E+05      4.3146288670E+06      2            1.000000000000000E+000
sy2_112112_1          2.7157194160E+05      4.3146288670E+06      2            1.000000000000000E+000
sy2_112127_1          2.7408654160E+05      4.3146288670E+06      2            1.000000000000000E+000
sy2_112132_1          2.7492474160E+05      4.3146288670E+06      2            1.000000000000000E+000
sy2_112187_1          2.8414494160E+05      4.3146288670E+06      2            1.000000000000000E+000
sy2_112192_1          2.8498314160E+05      4.3146288670E+06      2            1.000000000000000E+000
sy2_117007_1          2.5396974160E+05      4.3137906670E+06      2            1.000000000000000E+000
sy1_117012_1          2.5480794160E+05      4.3137906670E+06      1            1.000000000000000E+000
sy1_117017_1          2.5564614160E+05      4.3137906670E+06      1            1.000000000000000E+000
sy1_117022_1          2.5648434160E+05      4.3137906670E+06      1            1.000000000000000E+000
sy1_117027_1          2.5732254160E+05      4.3137906670E+06      1            1.000000000000000E+000
sy1_117032_1          2.5816074160E+05      4.3137906670E+06      1            1.000000000000000E+000
sy1_117037_1          2.5899894160E+05      4.3137906670E+06      1            1.000000000000000E+000
sy1_117042_1          2.5983714160E+05      4.3137906670E+06      1            1.000000000000000E+000
sy1_117047_1          2.6067534160E+05      4.3137906670E+06      1            1.000000000000000E+000
sy1_117052_1          2.6151354160E+05      4.3137906670E+06      1            1.000000000000000E+000
sy1_117057_1          2.6235174160E+05      4.3137906670E+06      1            1.000000000000000E+000
sy1_117062_1          2.6318994160E+05      4.3137906670E+06      1            1.000000000000000E+000
sy2_117067_1          2.6402814160E+05      4.3137906670E+06      2            1.000000000000000E+000
sy2_117072_1          2.6486634160E+05      4.3137906670E+06      2            1.000000000000000E+000
sy2_117077_1          2.6570454160E+05      4.3137906670E+06      2            1.000000000000000E+000
sy2_117082_1          2.6654274160E+05      4.3137906670E+06      2            1.000000000000000E+000
sy2_117107_1          2.7073374160E+05      4.3137906670E+06      2            1.000000000000000E+000
sy2_117112_1          2.7157194160E+05      4.3137906670E+06      2            1.000000000000000E+000
sy2_117117_1          2.7241014160E+05      4.3137906670E+06      2            1.000000000000000E+000
sy2_117132_1          2.7492474160E+05      4.3137906670E+06      2            1.000000000000000E+000
sy2_122002_1          2.5313154160E+05      4.3129524670E+06      2            1.000000000000000E+000
sy2_122007_1          2.5396974160E+05      4.3129524670E+06      2            1.000000000000000E+000
sy2_122012_1          2.5480794160E+05      4.3129524670E+06      2            1.000000000000000E+000
sy1_122017_1          2.5564614160E+05      4.3129524670E+06      1            1.000000000000000E+000
sy1_122022_1          2.5648434160E+05      4.3129524670E+06      1            1.000000000000000E+000
sy1_122027_1          2.5732254160E+05      4.3129524670E+06      1            1.000000000000000E+000
sy1_122032_1          2.5816074160E+05      4.3129524670E+06      1            1.000000000000000E+000
sy1_122037_1          2.5899894160E+05      4.3129524670E+06      1            1.000000000000000E+000
sy1_122042_1          2.5983714160E+05      4.3129524670E+06      1            1.000000000000000E+000
sy1_122047_1          2.6067534160E+05      4.3129524670E+06      1            1.000000000000000E+000
sy1_122052_1          2.6151354160E+05      4.3129524670E+06      1            1.000000000000000E+000
sy1_122057_1          2.6235174160E+05      4.3129524670E+06      1            1.000000000000000E+000
sy1_122062_1          2.6318994160E+05      4.3129524670E+06      1            1.000000000000000E+000
sy2_122067_1          2.6402814160E+05      4.3129524670E+06      2            1.000000000000000E+000
sy2_122072_1          2.6486634160E+05      4.3129524670E+06      2            1.000000000000000E+000
sy2_122077_1          2.6570454160E+05      4.3129524670E+06      2            1.000000000000000E+000
sy2_122082_1          2.6654274160E+05      4.3129524670E+06      2            1.000000000000000E+000
sy2_122087_1          2.6738094160E+05      4.3129524670E+06      2            1.000000000000000E+000
sy2_122097_1          2.6905734160E+05      4.3129524670E+06      2            1.000000000000000E+000
sy2_122102_1          2.6989554160E+05      4.3129524670E+06      2            1.000000000000000E+000
sy2_122107_1          2.7073374160E+05      4.3129524670E+06      2            1.000000000000000E+000
sy2_122112_1          2.7157194160E+05      4.3129524670E+06      2            1.000000000000000E+000
sy2_122137_1          2.7576294160E+05      4.3129524670E+06      2            1.000000000000000E+000
sy2_127002_1          2.5313154160E+05      4.3121142670E+06      2            1.000000000000000E+000
sy2_127007_1          2.5396974160E+05      4.3121142670E+06      2            1.000000000000000E+000
sy2_127012_1          2.5480794160E+05      4.3121142670E+06      2            1.000000000000000E+000
sy1_127017_1          2.5564614160E+05      4.3121142670E+06      1            1.000000000000000E+000
sy1_127022_1          2.5648434160E+05      4.3121142670E+06      1            1.000000000000000E+000
sy1_127027_1          2.5732254160E+05      4.3121142670E+06      1            1.000000000000000E+000
sy1_127032_1          2.5816074160E+05      4.3121142670E+06      1            1.000000000000000E+000
sy1_127037_1          2.5899894160E+05      4.3121142670E+06      1            1.000000000000000E+000
sy1_127042_1          2.5983714160E+05      4.3121142670E+06      1            1.000000000000000E+000
sy1_127047_1          2.6067534160E+05      4.3121142670E+06      1            1.000000000000000E+000
sy1_127052_1          2.6151354160E+05      4.3121142670E+06      1            1.000000000000000E+000
sy1_127057_1          2.6235174160E+05      4.3121142670E+06      1            1.000000000000000E+000
sy1_127062_1          2.6318994160E+05      4.3121142670E+06      1            1.000000000000000E+000
sy1_127067_1          2.6402814160E+05      4.3121142670E+06      1            1.000000000000000E+000
sy2_127072_1          2.6486634160E+05      4.3121142670E+06      2            1.000000000000000E+000
sy2_127077_1          2.6570454160E+05      4.3121142670E+06      2            1.000000000000000E+000
sy2_127082_1          2.6654274160E+05      4.3121142670E+06      2            1.000000000000000E+000
sy2_127087_1          2.6738094160E+05      4.3121142670E+06      2            1.000000000000000E+000
sy2_127107_1          2.7073374160E+05      4.3121142670E+06      2            1.000000000000000E+000
sy2_127112_1          2.7157194160E+05      4.3121142670E+06      2            1.000000000000000E+000
sy2_127117_1          2.7241014160E+05      4.3121142670E+06      2            1.000000000000000E+000
sy2_127137_1          2.7576294160E+05      4.3121142670E+06      2            1.000000000000000E+000
sy2_132007_1          2.5396974160E+05      4.3112760670E+06      2            1.000000000000000E+000
sy2_132012_1          2.5480794160E+05      4.3112760670E+06      2            1.000000000000000E+000
sy1_132017_1          2.5564614160E+05      4.3112760670E+06      1            1.000000000000000E+000
sy1_132022_1          2.5648434160E+05      4.3112760670E+06      1            1.000000000000000E+000
sy1_132027_1          2.5732254160E+05      4.3112760670E+06      1            1.000000000000000E+000
sy1_132032_1          2.5816074160E+05      4.3112760670E+06      1            1.000000000000000E+000
sy1_132037_1          2.5899894160E+05      4.3112760670E+06      1            1.000000000000000E+000
sy1_132042_1          2.5983714160E+05      4.3112760670E+06      1            1.000000000000000E+000
sy1_132047_1          2.6067534160E+05      4.3112760670E+06      1            1.000000000000000E+000
sy1_132052_1          2.6151354160E+05      4.3112760670E+06      1            1.000000000000000E+000
sy1_132057_1          2.6235174160E+05      4.3112760670E+06      1            1.000000000000000E+000
sy1_132062_1          2.6318994160E+05      4.3112760670E+06      1            1.000000000000000E+000
sy1_132067_1          2.6402814160E+05      4.3112760670E+06      1            1.000000000000000E+000
sy1_132072_1          2.6486634160E+05      4.3112760670E+06      1            1.000000000000000E+000
sy2_132077_1          2.6570454160E+05      4.3112760670E+06      2            1.000000000000000E+000
sy2_132082_1          2.6654274160E+05      4.3112760670E+06      2            1.000000000000000E+000
sy2_132087_1          2.6738094160E+05      4.3112760670E+06      2            1.000000000000000E+000
sy2_132112_1          2.7157194160E+05      4.3112760670E+06      2            1.000000000000000E+000
sy2_132117_1          2.7241014160E+05      4.3112760670E+06      2            1.000000000000000E+000
sy2_132137_1          2.7576294160E+05      4.3112760670E+06      2            1.000000000000000E+000
sy2_137007_1          2.5396974160E+05      4.3104378670E+06      2            1.000000000000000E+000
sy2_137012_1          2.5480794160E+05      4.3104378670E+06      2            1.000000000000000E+000
sy2_137017_1          2.5564614160E+05      4.3104378670E+06      2            1.000000000000000E+000
sy1_137022_1          2.5648434160E+05      4.3104378670E+06      1            1.000000000000000E+000
sy1_137027_1          2.5732254160E+05      4.3104378670E+06      1            1.000000000000000E+000
sy1_137032_1          2.5816074160E+05      4.3104378670E+06      1            1.000000000000000E+000
sy1_137037_1          2.5899894160E+05      4.3104378670E+06      1            1.000000000000000E+000
sy1_137042_1          2.5983714160E+05      4.3104378670E+06      1            1.000000000000000E+000
sy2_137047_1          2.6067534160E+05      4.3104378670E+06      2            1.000000000000000E+000
sy2_137052_1          2.6151354160E+05      4.3104378670E+06      2            1.000000000000000E+000
sy2_137057_1          2.6235174160E+05      4.3104378670E+06      2            1.000000000000000E+000
sy2_137062_1          2.6318994160E+05      4.3104378670E+06      2            1.000000000000000E+000
sy1_137067_1          2.6402814160E+05      4.3104378670E+06      1            1.000000000000000E+000
sy1_137072_1          2.6486634160E+05      4.3104378670E+06      1            1.000000000000000E+000
sy2_137077_1          2.6570454160E+05      4.3104378670E+06      2            1.000000000000000E+000
sy2_137082_1          2.6654274160E+05      4.3104378670E+06      2            1.000000000000000E+000
sy2_137087_1          2.6738094160E+05      4.3104378670E+06      2            1.000000000000000E+000
sy2_137137_1          2.7576294160E+05      4.3104378670E+06      2            1.000000000000000E+000
sy2_137142_1          2.7660114160E+05      4.3104378670E+06      2            1.000000000000000E+000
sy2_142002_1          2.5313154160E+05      4.3095996670E+06      2            1.000000000000000E+000
sy2_142007_1          2.5396974160E+05      4.3095996670E+06      2            1.000000000000000E+000
sy2_142012_1          2.5480794160E+05      4.3095996670E+06      2            1.000000000000000E+000
sy2_142017_1          2.5564614160E+05      4.3095996670E+06      2            1.000000000000000E+000
sy1_142022_1          2.5648434160E+05      4.3095996670E+06      1            1.000000000000000E+000
sy1_142027_1          2.5732254160E+05      4.3095996670E+06      1            1.000000000000000E+000
sy1_142032_1          2.5816074160E+05      4.3095996670E+06      1            1.000000000000000E+000
sy1_142037_1          2.5899894160E+05      4.3095996670E+06      1            1.000000000000000E+000
sy1_142042_1          2.5983714160E+05      4.3095996670E+06      1            1.000000000000000E+000
sy2_142047_1          2.6067534160E+05      4.3095996670E+06      2            1.000000000000000E+000
sy2_142052_1          2.6151354160E+05      4.3095996670E+06      2            1.000000000000000E+000
sy2_142057_1          2.6235174160E+05      4.3095996670E+06      2            1.000000000000000E+000
sy2_142062_1          2.6318994160E+05      4.3095996670E+06      2            1.000000000000000E+000
sy2_142067_1          2.6402814160E+05      4.3095996670E+06      2            1.000000000000000E+000
sy1_142072_1          2.6486634160E+05      4.3095996670E+06      1            1.000000000000000E+000
sy1_142077_1          2.6570454160E+05      4.3095996670E+06      1            1.000000000000000E+000
sy2_142082_1          2.6654274160E+05      4.3095996670E+06      2            1.000000000000000E+000
sy2_142087_1          2.6738094160E+05      4.3095996670E+06      2            1.000000000000000E+000
sy2_142097_1          2.6905734160E+05      4.3095996670E+06      2            1.000000000000000E+000
sy2_142102_1          2.6989554160E+05      4.3095996670E+06      2            1.000000000000000E+000
sy2_142137_1          2.7576294160E+05      4.3095996670E+06      2            1.000000000000000E+000
sy2_142142_1          2.7660114160E+05      4.3095996670E+06      2            1.000000000000000E+000
sy2_147007_1          2.5396974160E+05      4.3087614670E+06      2            1.000000000000000E+000
sy2_147012_1          2.5480794160E+05      4.3087614670E+06      2            1.000000000000000E+000
sy2_147017_1          2.5564614160E+05      4.3087614670E+06      2            1.000000000000000E+000
sy1_147022_1          2.5648434160E+05      4.3087614670E+06      1            1.000000000000000E+000
sy1_147027_1          2.5732254160E+05      4.3087614670E+06      1            1.000000000000000E+000
sy1_147032_1          2.5816074160E+05      4.3087614670E+06      1            1.000000000000000E+000
sy1_147037_1          2.5899894160E+05      4.3087614670E+06      1            1.000000000000000E+000
sy2_147042_1          2.5983714160E+05      4.3087614670E+06      2            1.000000000000000E+000
sy2_147047_1          2.6067534160E+05      4.3087614670E+06      2            1.000000000000000E+000
sy2_147052_1          2.6151354160E+05      4.3087614670E+06      2            1.000000000000000E+000
sy2_147057_1          2.6235174160E+05      4.3087614670E+06      2            1.000000000000000E+000
sy2_147062_1          2.6318994160E+05      4.3087614670E+06      2            1.000000000000000E+000
sy2_147067_1          2.6402814160E+05      4.3087614670E+06      2            1.000000000000000E+000
sy1_147072_1          2.6486634160E+05      4.3087614670E+06      1            1.000000000000000E+000
sy1_147077_1          2.6570454160E+05      4.3087614670E+06      1            1.000000000000000E+000
sy2_147082_1          2.6654274160E+05      4.3087614670E+06      2            1.000000000000000E+000
sy2_147087_1          2.6738094160E+05      4.3087614670E+06      2            1.000000000000000E+000
sy2_147132_1          2.7492474160E+05      4.3087614670E+06      2            1.000000000000000E+000
sy2_147137_1          2.7576294160E+05      4.3087614670E+06      2            1.000000000000000E+000
sy2_152007_1          2.5396974160E+05      4.3079232670E+06      2            1.000000000000000E+000
sy2_152012_1          2.5480794160E+05      4.3079232670E+06      2            1.000000000000000E+000
sy2_152017_1          2.5564614160E+05      4.3079232670E+06      2            1.000000000000000E+000
sy2_152022_1          2.5648434160E+05      4.3079232670E+06      2            1.000000000000000E+000
sy1_152027_1          2.5732254160E+05      4.3079232670E+06      1            1.000000000000000E+000
sy1_152032_1          2.5816074160E+05      4.3079232670E+06      1            1.000000000000000E+000
sy1_152037_1          2.5899894160E+05      4.3079232670E+06      1            1.000000000000000E+000
sy1_152042_1          2.5983714160E+05      4.3079232670E+06      1            1.000000000000000E+000
sy2_152047_1          2.6067534160E+05      4.3079232670E+06      2            1.000000000000000E+000
sy2_152052_1          2.6151354160E+05      4.3079232670E+06      2            1.000000000000000E+000
sy2_152057_1          2.6235174160E+05      4.3079232670E+06      2            1.000000000000000E+000
sy2_152062_1          2.6318994160E+05      4.3079232670E+06      2            1.000000000000000E+000
sy2_152067_1          2.6402814160E+05      4.3079232670E+06      2            1.000000000000000E+000
sy2_152072_1          2.6486634160E+05      4.3079232670E+06      2            1.000000000000000E+000
sy2_152077_1          2.6570454160E+05      4.3079232670E+06      2            1.000000000000000E+000
sy2_152082_1          2.6654274160E+05      4.3079232670E+06      2            1.000000000000000E+000
sy2_152087_1          2.6738094160E+05      4.3079232670E+06      2            1.000000000000000E+000
sy2_152092_1          2.6821914160E+05      4.3079232670E+06      2            1.000000000000000E+000
sy2_152097_1          2.6905734160E+05      4.3079232670E+06      2            1.000000000000000E+000
sy2_157017_1          2.5564614160E+05      4.3070850670E+06      2            1.000000000000000E+000
sy2_157022_1          2.5648434160E+05      4.3070850670E+06      2            1.000000000000000E+000
sy2_157027_1          2.5732254160E+05      4.3070850670E+06      2            1.000000000000000E+000
sy1_157032_1          2.5816074160E+05      4.3070850670E+06      1            1.000000000000000E+000
sy1_157037_1          2.5899894160E+05      4.3070850670E+06      1            1.000000000000000E+000
sy1_157042_1          2.5983714160E+05      4.3070850670E+06      1            1.000000000000000E+000
sy2_157047_1          2.6067534160E+05      4.3070850670E+06      2            1.000000000000000E+000
sy2_157057_1          2.6235174160E+05      4.3070850670E+06      2            1.000000000000000E+000
sy2_157062_1          2.6318994160E+05      4.3070850670E+06      2            1.000000000000000E+000
sy2_157067_1          2.6402814160E+05      4.3070850670E+06      2            1.000000000000000E+000
sy2_157072_1          2.6486634160E+05      4.3070850670E+06      2            1.000000000000000E+000
sy1_157077_1          2.6570454160E+05      4.3070850670E+06      1            1.000000000000000E+000
sy2_157082_1          2.6654274160E+05      4.3070850670E+06      2            1.000000000000000E+000
sy2_157087_1          2.6738094160E+05      4.3070850670E+06      2            1.000000000000000E+000
sy2_157092_1          2.6821914160E+05      4.3070850670E+06      2            1.000000000000000E+000
sy2_162017_1          2.5564614160E+05      4.3062468670E+06      2            1.000000000000000E+000
sy2_162022_1          2.5648434160E+05      4.3062468670E+06      2            1.000000000000000E+000
sy2_162027_1          2.5732254160E+05      4.3062468670E+06      2            1.000000000000000E+000
sy1_162032_1          2.5816074160E+05      4.3062468670E+06      1            1.000000000000000E+000
sy1_162037_1          2.5899894160E+05      4.3062468670E+06      1            1.000000000000000E+000
sy1_162042_1          2.5983714160E+05      4.3062468670E+06      1            1.000000000000000E+000
sy1_162047_1          2.6067534160E+05      4.3062468670E+06      1            1.000000000000000E+000
sy2_162052_1          2.6151354160E+05      4.3062468670E+06      2            1.000000000000000E+000
sy2_162057_1          2.6235174160E+05      4.3062468670E+06      2            1.000000000000000E+000
sy2_162062_1          2.6318994160E+05      4.3062468670E+06      2            1.000000000000000E+000
sy2_167022_1          2.5648434160E+05      4.3054086670E+06      2            1.000000000000000E+000
sy2_167027_1          2.5732254160E+05      4.3054086670E+06      2            1.000000000000000E+000
sy1_167032_1          2.5816074160E+05      4.3054086670E+06      1            1.000000000000000E+000
sy1_167037_1          2.5899894160E+05      4.3054086670E+06      1            1.000000000000000E+000
sy2_167042_1          2.5983714160E+05      4.3054086670E+06      2            1.000000000000000E+000
sy1_167047_1          2.6067534160E+05      4.3054086670E+06      1            1.000000000000000E+000
sy2_167052_1          2.6151354160E+05      4.3054086670E+06      2            1.000000000000000E+000
sy2_167057_1          2.6235174160E+05      4.3054086670E+06      2            1.000000000000000E+000
sy2_167072_1          2.6486634160E+05      4.3054086670E+06      2            1.000000000000000E+000
sy2_172022_1          2.5648434160E+05      4.3045704670E+06      2            1.000000000000000E+000
sy2_172027_1          2.5732254160E+05      4.3045704670E+06      2            1.000000000000000E+000
sy2_172032_1          2.5816074160E+05      4.3045704670E+06      2            1.000000000000000E+000
sy2_172037_1          2.5899894160E+05      4.3045704670E+06      2            1.000000000000000E+000
sy2_172042_1          2.5983714160E+05      4.3045704670E+06      2            1.000000000000000E+000
sy1_172047_1          2.6067534160E+05      4.3045704670E+06      1            1.000000000000000E+000
sy2_177027_1          2.5732254160E+05      4.3037322670E+06      2            1.000000000000000E+000
sy2_177032_1          2.5816074160E+05      4.3037322670E+06      2            1.000000000000000E+000
sy2_177037_1          2.5899894160E+05      4.3037322670E+06      2            1.000000000000000E+000
sy1_177042_1          2.5983714160E+05      4.3037322670E+06      1            1.000000000000000E+000
sy1_177047_1          2.6067534160E+05      4.3037322670E+06      1            1.000000000000000E+000
sy2_177067_1          2.6402814160E+05      4.3037322670E+06      2            1.000000000000000E+000
sy2_182027_1          2.5732254160E+05      4.3028940670E+06      2            1.000000000000000E+000
sy2_182032_1          2.5816074160E+05      4.3028940670E+06      2            1.000000000000000E+000
sy1_182037_1          2.5899894160E+05      4.3028940670E+06      1            1.000000000000000E+000
sy1_182042_1          2.5983714160E+05      4.3028940670E+06      1            1.000000000000000E+000
sy1_182047_1          2.6067534160E+05      4.3028940670E+06      1            1.000000000000000E+000
sy6_182057_1          2.6235174160E+05      4.3028940670E+06      6            1.000000000000000E+000
sy2_182067_1          2.6402814160E+05      4.3028940670E+06      2            1.000000000000000E+000
sy2_187027_1          2.5732254160E+05      4.3020558670E+06      2            1.000000000000000E+000
sy2_187032_1          2.5816074160E+05      4.3020558670E+06      2            1.000000000000000E+000
sy2_187037_1          2.5899894160E+05      4.3020558670E+06      2            1.000000000000000E+000
sy2_187042_1          2.5983714160E+05      4.3020558670E+06      2            1.000000000000000E+000
sy1_187047_1          2.6067534160E+05      4.3020558670E+06      1            1.000000000000000E+000
sy2_187052_1          2.6151354160E+05      4.3020558670E+06      2            1.000000000000000E+000
sy6_187057_1          2.6235174160E+05      4.3020558670E+06      6            1.000000000000000E+000
sy2_187062_1          2.6318994160E+05      4.3020558670E+06      2            1.000000000000000E+000
sy2_187067_1          2.6402814160E+05      4.3020558670E+06      2            1.000000000000000E+000
sy2_192027_1          2.5732254160E+05      4.3012176670E+06      2            1.000000000000000E+000
sy2_192032_1          2.5816074160E+05      4.3012176670E+06      2            1.000000000000000E+000
sy1_192037_1          2.5899894160E+05      4.3012176670E+06      1            1.000000000000000E+000
sy1_192042_1          2.5983714160E+05      4.3012176670E+06      1            1.000000000000000E+000
sy2_192047_1          2.6067534160E+05      4.3012176670E+06      2            1.000000000000000E+000
sy2_192052_1          2.6151354160E+05      4.3012176670E+06      2            1.000000000000000E+000
sy2_192067_1          2.6402814160E+05      4.3012176670E+06      2            1.000000000000000E+000
sy2_197027_1          2.5732254160E+05      4.3003794670E+06      2            1.000000000000000E+000
sy2_197032_1          2.5816074160E+05      4.3003794670E+06      2            1.000000000000000E+000
sy1_197037_1          2.5899894160E+05      4.3003794670E+06      1            1.000000000000000E+000
sy2_197042_1          2.5983714160E+05      4.3003794670E+06      2            1.000000000000000E+000
sy2_197047_1          2.6067534160E+05      4.3003794670E+06      2            1.000000000000000E+000
sy2_197052_1          2.6151354160E+05      4.3003794670E+06      2            1.000000000000000E+000
sy2_202027_1          2.5732254160E+05      4.2995412670E+06      2            1.000000000000000E+000
sy2_202032_1          2.5816074160E+05      4.2995412670E+06      2            1.000000000000000E+000
sy2_202037_1          2.5899894160E+05      4.2995412670E+06      2            1.000000000000000E+000
sy1_202042_1          2.5983714160E+05      4.2995412670E+06      1            1.000000000000000E+000
sy2_202047_1          2.6067534160E+05      4.2995412670E+06      2            1.000000000000000E+000
sy2_202052_1          2.6151354160E+05      4.2995412670E+06      2            1.000000000000000E+000
sy2_202062_1          2.6318994160E+05      4.2995412670E+06      2            1.000000000000000E+000
sy2_207022_1          2.5648434160E+05      4.2987030670E+06      2            1.000000000000000E+000
sy2_207027_1          2.5732254160E+05      4.2987030670E+06      2            1.000000000000000E+000
sy2_207032_1          2.5816074160E+05      4.2987030670E+06      2            1.000000000000000E+000
sy2_207037_1          2.5899894160E+05      4.2987030670E+06      2            1.000000000000000E+000
sy2_207047_1          2.6067534160E+05      4.2987030670E+06      2            1.000000000000000E+000
sy2_212022_1          2.5648434160E+05      4.2978648670E+06      2            1.000000000000000E+000
sy2_212027_1          2.5732254160E+05      4.2978648670E+06      2            1.000000000000000E+000
sy2_212032_1          2.5816074160E+05      4.2978648670E+06      2            1.000000000000000E+000
sy2_212042_1          2.5983714160E+05      4.2978648670E+06      2            1.000000000000000E+000
sy2_212052_1          2.6151354160E+05      4.2978648670E+06      2            1.000000000000000E+000
sy2_217017_1          2.5564614160E+05      4.2970266670E+06      2            1.000000000000000E+000
sy2_217022_1          2.5648434160E+05      4.2970266670E+06      2            1.000000000000000E+000
sy2_217027_1          2.5732254160E+05      4.2970266670E+06      2            1.000000000000000E+000
sy2_222017_1          2.5564614160E+05      4.2961884670E+06      2            1.000000000000000E+000
sy2_222022_1          2.5648434160E+05      4.2961884670E+06      2            1.000000000000000E+000
sy2_222027_1          2.5732254160E+05      4.2961884670E+06      2            1.000000000000000E+000
sy2_222032_1          2.5816074160E+05      4.2961884670E+06      2            1.000000000000000E+000
sy2_222037_1          2.5899894160E+05      4.2961884670E+06      2            1.000000000000000E+000
sy2_222047_1          2.6067534160E+05      4.2961884670E+06      2            1.000000000000000E+000
sy2_227012_1          2.5480794160E+05      4.2953502670E+06      2            1.000000000000000E+000
sy2_227017_1          2.5564614160E+05      4.2953502670E+06      2            1.000000000000000E+000
sy2_227022_1          2.5648434160E+05      4.2953502670E+06      2            1.000000000000000E+000
sy2_227027_1          2.5732254160E+05      4.2953502670E+06      2            1.000000000000000E+000
sy2_227032_1          2.5816074160E+05      4.2953502670E+06      2            1.000000000000000E+000
sy2_227037_1          2.5899894160E+05      4.2953502670E+06      2            1.000000000000000E+000
sy2_227042_1          2.5983714160E+05      4.2953502670E+06      2            1.000000000000000E+000
sy2_232012_1          2.5480794160E+05      4.2945120670E+06      2            1.000000000000000E+000
sy2_232017_1          2.5564614160E+05      4.2945120670E+06      2            1.000000000000000E+000
sy2_232022_1          2.5648434160E+05      4.2945120670E+06      2            1.000000000000000E+000
sy2_232032_1          2.5816074160E+05      4.2945120670E+06      2            1.000000000000000E+000
sy2_237012_1          2.5480794160E+05      4.2936738670E+06      2            1.000000000000000E+000
sy2_237017_1          2.5564614160E+05      4.2936738670E+06      2            1.000000000000000E+000
sy2_237027_1          2.5732254160E+05      4.2936738670E+06      2            1.000000000000000E+000
sy2_237032_1          2.5816074160E+05      4.2936738670E+06      2            1.000000000000000E+000
sy2_242012_1          2.5480794160E+05      4.2928356670E+06      2            1.000000000000000E+000
sy2_247012_1          2.5480794160E+05      4.2919974670E+06      2            1.000000000000000E+000
sy2_247017_1          2.5564614160E+05      4.2919974670E+06      2            1.000000000000000E+000
sy2_247022_1          2.5648434160E+05      4.2919974670E+06      2            1.000000000000000E+000
sy2_252012_1          2.5480794160E+05      4.2911592670E+06      2            1.000000000000000E+000
sy2_252017_1          2.5564614160E+05      4.2911592670E+06      2            1.000000000000000E+000
