lb2_004036_2          2.5883130160E+05      4.3327339870E+06      2            1.000000000000000E+002
lb2_004044_2          2.6017242160E+05      4.3327339870E+06      2            1.000000000000000E+002
lb1_004052_2          2.6151354160E+05      4.3327339870E+06      1            1.000000000000000E+002
lb2_004060_2          2.6285466160E+05      4.3327339870E+06      2            1.000000000000000E+002
lb2_012036_2          2.5883130160E+05      4.3313928670E+06      2            1.000000000000000E+002
lb2_012044_2          2.6017242160E+05      4.3313928670E+06      2            1.000000000000000E+002
lb2_012052_2          2.6151354160E+05      4.3313928670E+06      2            1.000000000000000E+002
lb1_012060_2          2.6285466160E+05      4.3313928670E+06      1            1.000000000000000E+002
lb2_020012_2          2.5480794160E+05      4.3300517470E+06      2            1.000000000000000E+002
lb2_020020_2          2.5614906160E+05      4.3300517470E+06      2            1.000000000000000E+002
lb2_020028_2          2.5749018160E+05      4.3300517470E+06      2            1.000000000000000E+002
lb2_020036_2          2.5883130160E+05      4.3300517470E+06      2            1.000000000000000E+002
lb2_020044_2          2.6017242160E+05      4.3300517470E+06      2            1.000000000000000E+002
lb1_020052_2          2.6151354160E+05      4.3300517470E+06      1            1.000000000000000E+002
lb1_020060_2          2.6285466160E+05      4.3300517470E+06      1            1.000000000000000E+002
lb2_020108_2          2.7090138160E+05      4.3300517470E+06      2            1.000000000000000E+002
lb3_020116_2          2.7224250160E+05      4.3300517470E+06      3            1.000000000000000E+002
lb2_020124_2          2.7358362160E+05      4.3300517470E+06      2            1.000000000000000E+002
lb4_020132_2          2.7492474160E+05      4.3300517470E+06      4            1.000000000000000E+002
lb2_028012_2          2.5480794160E+05      4.3287106270E+06      2            1.000000000000000E+002
lb2_028020_2          2.5614906160E+05      4.3287106270E+06      2            1.000000000000000E+002
lb2_028028_2          2.5749018160E+05      4.3287106270E+06      2            1.000000000000000E+002
lb2_028036_2          2.5883130160E+05      4.3287106270E+06      2            1.000000000000000E+002
lb2_028044_2          2.6017242160E+05      4.3287106270E+06      2            1.000000000000000E+002
lb1_028052_2          2.6151354160E+05      4.3287106270E+06      1            1.000000000000000E+002
lb1_028060_2          2.6285466160E+05      4.3287106270E+06      1            1.000000000000000E+002
lb3_028116_2          2.7224250160E+05      4.3287106270E+06      3            1.000000000000000E+002
lb2_028124_2          2.7358362160E+05      4.3287106270E+06      2            1.000000000000000E+002
lb4_028140_2          2.7626586160E+05      4.3287106270E+06      4            1.000000000000000E+002
lb2_036012_2          2.5480794160E+05      4.3273695070E+06      2            1.000000000000000E+002
lb2_036020_2          2.5614906160E+05      4.3273695070E+06      2            1.000000000000000E+002
lb2_036028_2          2.5749018160E+05      4.3273695070E+06      2            1.000000000000000E+002
lb2_036036_2          2.5883130160E+05      4.3273695070E+06      2            1.000000000000000E+002
lb1_036044_2          2.6017242160E+05      4.3273695070E+06      1            1.000000000000000E+002
lb1_036052_2          2.6151354160E+05      4.3273695070E+06      1            1.000000000000000E+002
lb2_036060_2          2.6285466160E+05      4.3273695070E+06      2            1.000000000000000E+002
lb2_036092_2          2.6821914160E+05      4.3273695070E+06      2            1.000000000000000E+002
lb3_036108_2          2.7090138160E+05      4.3273695070E+06      3            1.000000000000000E+002
lb3_036116_2          2.7224250160E+05      4.3273695070E+06      3            1.000000000000000E+002
lb3_036124_2          2.7358362160E+05      4.3273695070E+06      3            1.000000000000000E+002
lb4_036148_2          2.7760698160E+05      4.3273695070E+06      4            1.000000000000000E+002
lb2_044012_2          2.5480794160E+05      4.3260283870E+06      2            1.000000000000000E+002
lb2_044020_2          2.5614906160E+05      4.3260283870E+06      2            1.000000000000000E+002
lb2_044028_2          2.5749018160E+05      4.3260283870E+06      2            1.000000000000000E+002
lb1_044036_2          2.5883130160E+05      4.3260283870E+06      1            1.000000000000000E+002
lb1_044044_2          2.6017242160E+05      4.3260283870E+06      1            1.000000000000000E+002
lb2_044052_2          2.6151354160E+05      4.3260283870E+06      2            1.000000000000000E+002
lb2_044060_2          2.6285466160E+05      4.3260283870E+06      2            1.000000000000000E+002
lb2_044068_2          2.6419578160E+05      4.3260283870E+06      2            1.000000000000000E+002
lb2_044076_2          2.6553690160E+05      4.3260283870E+06      2            1.000000000000000E+002
lb3_044084_2          2.6687802160E+05      4.3260283870E+06      3            1.000000000000000E+002
lb2_044092_2          2.6821914160E+05      4.3260283870E+06      2            1.000000000000000E+002
lb3_044100_2          2.6956026160E+05      4.3260283870E+06      3            1.000000000000000E+002
lb3_044108_2          2.7090138160E+05      4.3260283870E+06      3            1.000000000000000E+002
lb3_044116_2          2.7224250160E+05      4.3260283870E+06      3            1.000000000000000E+002
lb3_044124_2          2.7358362160E+05      4.3260283870E+06      3            1.000000000000000E+002
lb3_044132_2          2.7492474160E+05      4.3260283870E+06      3            1.000000000000000E+002
lb3_044156_2          2.7894810160E+05      4.3260283870E+06      3            1.000000000000000E+002
lb2_052012_2          2.5480794160E+05      4.3246872670E+06      2            1.000000000000000E+002
lb1_052020_2          2.5614906160E+05      4.3246872670E+06      1            1.000000000000000E+002
lb1_052028_2          2.5749018160E+05      4.3246872670E+06      1            1.000000000000000E+002
lb1_052036_2          2.5883130160E+05      4.3246872670E+06      1            1.000000000000000E+002
lb2_052044_2          2.6017242160E+05      4.3246872670E+06      2            1.000000000000000E+002
lb2_052052_2          2.6151354160E+05      4.3246872670E+06      2            1.000000000000000E+002
lb2_052060_2          2.6285466160E+05      4.3246872670E+06      2            1.000000000000000E+002
lb2_052068_2          2.6419578160E+05      4.3246872670E+06      2            1.000000000000000E+002
lb2_052076_2          2.6553690160E+05      4.3246872670E+06      2            1.000000000000000E+002
lb3_052084_2          2.6687802160E+05      4.3246872670E+06      3            1.000000000000000E+002
lb3_052092_2          2.6821914160E+05      4.3246872670E+06      3            1.000000000000000E+002
lb2_052100_2          2.6956026160E+05      4.3246872670E+06      2            1.000000000000000E+002
lb3_052108_2          2.7090138160E+05      4.3246872670E+06      3            1.000000000000000E+002
lb3_052116_2          2.7224250160E+05      4.3246872670E+06      3            1.000000000000000E+002
lb3_052124_2          2.7358362160E+05      4.3246872670E+06      3            1.000000000000000E+002
lb3_052132_2          2.7492474160E+05      4.3246872670E+06      3            1.000000000000000E+002
lb3_052156_2          2.7894810160E+05      4.3246872670E+06      3            1.000000000000000E+002
lb3_052180_2          2.8297146160E+05      4.3246872670E+06      3            1.000000000000000E+002
lb1_060012_2          2.5480794160E+05      4.3233461470E+06      1            1.000000000000000E+002
lb1_060020_2          2.5614906160E+05      4.3233461470E+06      1            1.000000000000000E+002
lb1_060028_2          2.5749018160E+05      4.3233461470E+06      1            1.000000000000000E+002
lb1_060036_2          2.5883130160E+05      4.3233461470E+06      1            1.000000000000000E+002
lb2_060044_2          2.6017242160E+05      4.3233461470E+06      2            1.000000000000000E+002
lb2_060052_2          2.6151354160E+05      4.3233461470E+06      2            1.000000000000000E+002
lb2_060060_2          2.6285466160E+05      4.3233461470E+06      2            1.000000000000000E+002
lb2_060068_2          2.6419578160E+05      4.3233461470E+06      2            1.000000000000000E+002
lb2_060076_2          2.6553690160E+05      4.3233461470E+06      2            1.000000000000000E+002
lb3_060084_2          2.6687802160E+05      4.3233461470E+06      3            1.000000000000000E+002
lb3_060092_2          2.6821914160E+05      4.3233461470E+06      3            1.000000000000000E+002
lb2_060100_2          2.6956026160E+05      4.3233461470E+06      2            1.000000000000000E+002
lb3_060108_2          2.7090138160E+05      4.3233461470E+06      3            1.000000000000000E+002
lb3_060116_2          2.7224250160E+05      4.3233461470E+06      3            1.000000000000000E+002
lb3_060124_2          2.7358362160E+05      4.3233461470E+06      3            1.000000000000000E+002
lb3_060148_2          2.7760698160E+05      4.3233461470E+06      3            1.000000000000000E+002
lb3_060180_2          2.8297146160E+05      4.3233461470E+06      3            1.000000000000000E+002
lb4_060188_2          2.8431258160E+05      4.3233461470E+06      4            1.000000000000000E+002
lb4_060196_2          2.8565370160E+05      4.3233461470E+06      4            1.000000000000000E+002
lb2_068004_2          2.5346682160E+05      4.3220050270E+06      2            1.000000000000000E+002
lb1_068012_2          2.5480794160E+05      4.3220050270E+06      1            1.000000000000000E+002
lb1_068020_2          2.5614906160E+05      4.3220050270E+06      1            1.000000000000000E+002
lb1_068028_2          2.5749018160E+05      4.3220050270E+06      1            1.000000000000000E+002
lb1_068036_2          2.5883130160E+05      4.3220050270E+06      1            1.000000000000000E+002
lb2_068044_2          2.6017242160E+05      4.3220050270E+06      2            1.000000000000000E+002
lb2_068052_2          2.6151354160E+05      4.3220050270E+06      2            1.000000000000000E+002
lb2_068060_2          2.6285466160E+05      4.3220050270E+06      2            1.000000000000000E+002
lb2_068068_2          2.6419578160E+05      4.3220050270E+06      2            1.000000000000000E+002
lb2_068076_2          2.6553690160E+05      4.3220050270E+06      2            1.000000000000000E+002
lb2_068084_2          2.6687802160E+05      4.3220050270E+06      2            1.000000000000000E+002
lb3_068092_2          2.6821914160E+05      4.3220050270E+06      3            1.000000000000000E+002
lb2_068100_2          2.6956026160E+05      4.3220050270E+06      2            1.000000000000000E+002
lb3_068108_2          2.7090138160E+05      4.3220050270E+06      3            1.000000000000000E+002
lb3_068116_2          2.7224250160E+05      4.3220050270E+06      3            1.000000000000000E+002
lb3_068124_2          2.7358362160E+05      4.3220050270E+06      3            1.000000000000000E+002
lb3_068132_2          2.7492474160E+05      4.3220050270E+06      3            1.000000000000000E+002
lb3_068156_2          2.7894810160E+05      4.3220050270E+06      3            1.000000000000000E+002
lb4_068172_2          2.8163034160E+05      4.3220050270E+06      4            1.000000000000000E+002
lb3_068180_2          2.8297146160E+05      4.3220050270E+06      3            1.000000000000000E+002
lb4_068188_2          2.8431258160E+05      4.3220050270E+06      4            1.000000000000000E+002
lb4_068196_2          2.8565370160E+05      4.3220050270E+06      4            1.000000000000000E+002
lb2_076004_2          2.5346682160E+05      4.3206639070E+06      2            1.000000000000000E+002
lb1_076012_2          2.5480794160E+05      4.3206639070E+06      1            1.000000000000000E+002
lb1_076020_2          2.5614906160E+05      4.3206639070E+06      1            1.000000000000000E+002
lb1_076028_2          2.5749018160E+05      4.3206639070E+06      1            1.000000000000000E+002
lb1_076036_2          2.5883130160E+05      4.3206639070E+06      1            1.000000000000000E+002
lb2_076044_2          2.6017242160E+05      4.3206639070E+06      2            1.000000000000000E+002
lb2_076052_2          2.6151354160E+05      4.3206639070E+06      2            1.000000000000000E+002
lb2_076060_2          2.6285466160E+05      4.3206639070E+06      2            1.000000000000000E+002
lb2_076068_2          2.6419578160E+05      4.3206639070E+06      2            1.000000000000000E+002
lb2_076076_2          2.6553690160E+05      4.3206639070E+06      2            1.000000000000000E+002
lb3_076084_2          2.6687802160E+05      4.3206639070E+06      3            1.000000000000000E+002
lb3_076092_2          2.6821914160E+05      4.3206639070E+06      3            1.000000000000000E+002
lb3_076100_2          2.6956026160E+05      4.3206639070E+06      3            1.000000000000000E+002
lb3_076108_2          2.7090138160E+05      4.3206639070E+06      3            1.000000000000000E+002
lb3_076116_2          2.7224250160E+05      4.3206639070E+06      3            1.000000000000000E+002
lb3_076124_2          2.7358362160E+05      4.3206639070E+06      3            1.000000000000000E+002
lb3_076132_2          2.7492474160E+05      4.3206639070E+06      3            1.000000000000000E+002
lb3_076140_2          2.7626586160E+05      4.3206639070E+06      3            1.000000000000000E+002
lb3_076148_2          2.7760698160E+05      4.3206639070E+06      3            1.000000000000000E+002
lb3_076156_2          2.7894810160E+05      4.3206639070E+06      3            1.000000000000000E+002
lb3_076172_2          2.8163034160E+05      4.3206639070E+06      3            1.000000000000000E+002
lb3_076180_2          2.8297146160E+05      4.3206639070E+06      3            1.000000000000000E+002
lb1_084012_2          2.5480794160E+05      4.3193227870E+06      1            1.000000000000000E+002
lb1_084020_2          2.5614906160E+05      4.3193227870E+06      1            1.000000000000000E+002
lb1_084028_2          2.5749018160E+05      4.3193227870E+06      1            1.000000000000000E+002
lb1_084036_2          2.5883130160E+05      4.3193227870E+06      1            1.000000000000000E+002
lb1_084044_2          2.6017242160E+05      4.3193227870E+06      1            1.000000000000000E+002
lb2_084052_2          2.6151354160E+05      4.3193227870E+06      2            1.000000000000000E+002
lb2_084060_2          2.6285466160E+05      4.3193227870E+06      2            1.000000000000000E+002
lb2_084068_2          2.6419578160E+05      4.3193227870E+06      2            1.000000000000000E+002
lb2_084076_2          2.6553690160E+05      4.3193227870E+06      2            1.000000000000000E+002
lb3_084084_2          2.6687802160E+05      4.3193227870E+06      3            1.000000000000000E+002
lb3_084092_2          2.6821914160E+05      4.3193227870E+06      3            1.000000000000000E+002
lb3_084100_2          2.6956026160E+05      4.3193227870E+06      3            1.000000000000000E+002
lb3_084108_2          2.7090138160E+05      4.3193227870E+06      3            1.000000000000000E+002
lb3_084116_2          2.7224250160E+05      4.3193227870E+06      3            1.000000000000000E+002
lb3_084124_2          2.7358362160E+05      4.3193227870E+06      3            1.000000000000000E+002
lb3_084132_2          2.7492474160E+05      4.3193227870E+06      3            1.000000000000000E+002
lb3_084156_2          2.7894810160E+05      4.3193227870E+06      3            1.000000000000000E+002
lb3_084164_2          2.8028922160E+05      4.3193227870E+06      3            1.000000000000000E+002
lb3_084172_2          2.8163034160E+05      4.3193227870E+06      3            1.000000000000000E+002
lb2_084180_2          2.8297146160E+05      4.3193227870E+06      2            1.000000000000000E+002
lb2_084188_2          2.8431258160E+05      4.3193227870E+06      2            1.000000000000000E+002
lb1_092012_2          2.5480794160E+05      4.3179816670E+06      1            1.000000000000000E+002
lb1_092020_2          2.5614906160E+05      4.3179816670E+06      1            1.000000000000000E+002
lb1_092028_2          2.5749018160E+05      4.3179816670E+06      1            1.000000000000000E+002
lb1_092036_2          2.5883130160E+05      4.3179816670E+06      1            1.000000000000000E+002
lb2_092044_2          2.6017242160E+05      4.3179816670E+06      2            1.000000000000000E+002
lb2_092052_2          2.6151354160E+05      4.3179816670E+06      2            1.000000000000000E+002
lb2_092060_2          2.6285466160E+05      4.3179816670E+06      2            1.000000000000000E+002
lb2_092068_2          2.6419578160E+05      4.3179816670E+06      2            1.000000000000000E+002
lb2_092076_2          2.6553690160E+05      4.3179816670E+06      2            1.000000000000000E+002
lb2_092084_2          2.6687802160E+05      4.3179816670E+06      2            1.000000000000000E+002
lb2_092092_2          2.6821914160E+05      4.3179816670E+06      2            1.000000000000000E+002
lb3_092100_2          2.6956026160E+05      4.3179816670E+06      3            1.000000000000000E+002
lb3_092108_2          2.7090138160E+05      4.3179816670E+06      3            1.000000000000000E+002
lb3_092116_2          2.7224250160E+05      4.3179816670E+06      3            1.000000000000000E+002
lb3_092124_2          2.7358362160E+05      4.3179816670E+06      3            1.000000000000000E+002
lb3_092132_2          2.7492474160E+05      4.3179816670E+06      3            1.000000000000000E+002
lb3_092140_2          2.7626586160E+05      4.3179816670E+06      3            1.000000000000000E+002
lb2_092148_2          2.7760698160E+05      4.3179816670E+06      2            1.000000000000000E+002
lb3_092156_2          2.7894810160E+05      4.3179816670E+06      3            1.000000000000000E+002
lb3_092164_2          2.8028922160E+05      4.3179816670E+06      3            1.000000000000000E+002
lb3_092180_2          2.8297146160E+05      4.3179816670E+06      3            1.000000000000000E+002
lb2_092188_2          2.8431258160E+05      4.3179816670E+06      2            1.000000000000000E+002
lb1_100012_2          2.5480794160E+05      4.3166405470E+06      1            1.000000000000000E+002
lb1_100020_2          2.5614906160E+05      4.3166405470E+06      1            1.000000000000000E+002
lb1_100028_2          2.5749018160E+05      4.3166405470E+06      1            1.000000000000000E+002
lb1_100036_2          2.5883130160E+05      4.3166405470E+06      1            1.000000000000000E+002
lb1_100044_2          2.6017242160E+05      4.3166405470E+06      1            1.000000000000000E+002
lb2_100052_2          2.6151354160E+05      4.3166405470E+06      2            1.000000000000000E+002
lb2_100060_2          2.6285466160E+05      4.3166405470E+06      2            1.000000000000000E+002
lb2_100068_2          2.6419578160E+05      4.3166405470E+06      2            1.000000000000000E+002
lb2_100076_2          2.6553690160E+05      4.3166405470E+06      2            1.000000000000000E+002
lb2_100084_2          2.6687802160E+05      4.3166405470E+06      2            1.000000000000000E+002
lb3_100092_2          2.6821914160E+05      4.3166405470E+06      3            1.000000000000000E+002
lb3_100100_2          2.6956026160E+05      4.3166405470E+06      3            1.000000000000000E+002
lb3_100108_2          2.7090138160E+05      4.3166405470E+06      3            1.000000000000000E+002
lb3_100116_2          2.7224250160E+05      4.3166405470E+06      3            1.000000000000000E+002
lb3_100124_2          2.7358362160E+05      4.3166405470E+06      3            1.000000000000000E+002
lb3_100132_2          2.7492474160E+05      4.3166405470E+06      3            1.000000000000000E+002
lb3_100140_2          2.7626586160E+05      4.3166405470E+06      3            1.000000000000000E+002
lb3_100148_2          2.7760698160E+05      4.3166405470E+06      3            1.000000000000000E+002
lb3_100156_2          2.7894810160E+05      4.3166405470E+06      3            1.000000000000000E+002
lb3_100164_2          2.8028922160E+05      4.3166405470E+06      3            1.000000000000000E+002
lb3_100172_2          2.8163034160E+05      4.3166405470E+06      3            1.000000000000000E+002
lb3_100180_2          2.8297146160E+05      4.3166405470E+06      3            1.000000000000000E+002
lb2_100188_2          2.8431258160E+05      4.3166405470E+06      2            1.000000000000000E+002
lb4_100196_2          2.8565370160E+05      4.3166405470E+06      4            1.000000000000000E+002
lb1_108012_2          2.5480794160E+05      4.3152994270E+06      1            1.000000000000000E+002
lb1_108020_2          2.5614906160E+05      4.3152994270E+06      1            1.000000000000000E+002
lb1_108028_2          2.5749018160E+05      4.3152994270E+06      1            1.000000000000000E+002
lb1_108036_2          2.5883130160E+05      4.3152994270E+06      1            1.000000000000000E+002
lb1_108044_2          2.6017242160E+05      4.3152994270E+06      1            1.000000000000000E+002
lb2_108052_2          2.6151354160E+05      4.3152994270E+06      2            1.000000000000000E+002
lb2_108060_2          2.6285466160E+05      4.3152994270E+06      2            1.000000000000000E+002
lb2_108068_2          2.6419578160E+05      4.3152994270E+06      2            1.000000000000000E+002
lb2_108076_2          2.6553690160E+05      4.3152994270E+06      2            1.000000000000000E+002
lb2_108084_2          2.6687802160E+05      4.3152994270E+06      2            1.000000000000000E+002
lb3_108092_2          2.6821914160E+05      4.3152994270E+06      3            1.000000000000000E+002
lb3_108100_2          2.6956026160E+05      4.3152994270E+06      3            1.000000000000000E+002
lb2_108108_2          2.7090138160E+05      4.3152994270E+06      2            1.000000000000000E+002
lb3_108116_2          2.7224250160E+05      4.3152994270E+06      3            1.000000000000000E+002
lb3_108124_2          2.7358362160E+05      4.3152994270E+06      3            1.000000000000000E+002
lb3_108132_2          2.7492474160E+05      4.3152994270E+06      3            1.000000000000000E+002
lb3_108140_2          2.7626586160E+05      4.3152994270E+06      3            1.000000000000000E+002
lb3_108148_2          2.7760698160E+05      4.3152994270E+06      3            1.000000000000000E+002
lb3_108156_2          2.7894810160E+05      4.3152994270E+06      3            1.000000000000000E+002
lb3_108164_2          2.8028922160E+05      4.3152994270E+06      3            1.000000000000000E+002
lb3_108172_2          2.8163034160E+05      4.3152994270E+06      3            1.000000000000000E+002
lb3_108180_2          2.8297146160E+05      4.3152994270E+06      3            1.000000000000000E+002
lb2_108188_2          2.8431258160E+05      4.3152994270E+06      2            1.000000000000000E+002
lb2_116004_2          2.5346682160E+05      4.3139583070E+06      2            1.000000000000000E+002
lb1_116012_2          2.5480794160E+05      4.3139583070E+06      1            1.000000000000000E+002
lb1_116020_2          2.5614906160E+05      4.3139583070E+06      1            1.000000000000000E+002
lb1_116028_2          2.5749018160E+05      4.3139583070E+06      1            1.000000000000000E+002
lb1_116036_2          2.5883130160E+05      4.3139583070E+06      1            1.000000000000000E+002
lb1_116044_2          2.6017242160E+05      4.3139583070E+06      1            1.000000000000000E+002
lb1_116052_2          2.6151354160E+05      4.3139583070E+06      1            1.000000000000000E+002
lb1_116060_2          2.6285466160E+05      4.3139583070E+06      1            1.000000000000000E+002
lb2_116068_2          2.6419578160E+05      4.3139583070E+06      2            1.000000000000000E+002
lb2_116076_2          2.6553690160E+05      4.3139583070E+06      2            1.000000000000000E+002
lb3_116084_2          2.6687802160E+05      4.3139583070E+06      3            1.000000000000000E+002
lb3_116092_2          2.6821914160E+05      4.3139583070E+06      3            1.000000000000000E+002
lb3_116100_2          2.6956026160E+05      4.3139583070E+06      3            1.000000000000000E+002
lb2_116108_2          2.7090138160E+05      4.3139583070E+06      2            1.000000000000000E+002
lb2_116116_2          2.7224250160E+05      4.3139583070E+06      2            1.000000000000000E+002
lb3_116124_2          2.7358362160E+05      4.3139583070E+06      3            1.000000000000000E+002
lb2_116132_2          2.7492474160E+05      4.3139583070E+06      2            1.000000000000000E+002
lb3_116140_2          2.7626586160E+05      4.3139583070E+06      3            1.000000000000000E+002
lb3_116148_2          2.7760698160E+05      4.3139583070E+06      3            1.000000000000000E+002
lb3_116156_2          2.7894810160E+05      4.3139583070E+06      3            1.000000000000000E+002
lb3_116164_2          2.8028922160E+05      4.3139583070E+06      3            1.000000000000000E+002
lb3_116172_2          2.8163034160E+05      4.3139583070E+06      3            1.000000000000000E+002
lb3_116180_2          2.8297146160E+05      4.3139583070E+06      3            1.000000000000000E+002
lb3_116188_2          2.8431258160E+05      4.3139583070E+06      3            1.000000000000000E+002
lb2_124004_2          2.5346682160E+05      4.3126171870E+06      2            1.000000000000000E+002
lb2_124012_2          2.5480794160E+05      4.3126171870E+06      2            1.000000000000000E+002
lb1_124020_2          2.5614906160E+05      4.3126171870E+06      1            1.000000000000000E+002
lb1_124028_2          2.5749018160E+05      4.3126171870E+06      1            1.000000000000000E+002
lb1_124036_2          2.5883130160E+05      4.3126171870E+06      1            1.000000000000000E+002
lb1_124044_2          2.6017242160E+05      4.3126171870E+06      1            1.000000000000000E+002
lb1_124052_2          2.6151354160E+05      4.3126171870E+06      1            1.000000000000000E+002
lb1_124060_2          2.6285466160E+05      4.3126171870E+06      1            1.000000000000000E+002
lb1_124068_2          2.6419578160E+05      4.3126171870E+06      1            1.000000000000000E+002
lb2_124076_2          2.6553690160E+05      4.3126171870E+06      2            1.000000000000000E+002
lb2_124084_2          2.6687802160E+05      4.3126171870E+06      2            1.000000000000000E+002
lb2_124092_2          2.6821914160E+05      4.3126171870E+06      2            1.000000000000000E+002
lb3_124100_2          2.6956026160E+05      4.3126171870E+06      3            1.000000000000000E+002
lb2_124108_2          2.7090138160E+05      4.3126171870E+06      2            1.000000000000000E+002
lb3_124116_2          2.7224250160E+05      4.3126171870E+06      3            1.000000000000000E+002
lb3_124124_2          2.7358362160E+05      4.3126171870E+06      3            1.000000000000000E+002
lb2_124140_2          2.7626586160E+05      4.3126171870E+06      2            1.000000000000000E+002
lb3_124148_2          2.7760698160E+05      4.3126171870E+06      3            1.000000000000000E+002
lb3_124156_2          2.7894810160E+05      4.3126171870E+06      3            1.000000000000000E+002
lb3_124164_2          2.8028922160E+05      4.3126171870E+06      3            1.000000000000000E+002
lb3_124172_2          2.8163034160E+05      4.3126171870E+06      3            1.000000000000000E+002
lb3_124180_2          2.8297146160E+05      4.3126171870E+06      3            1.000000000000000E+002
lb3_124188_2          2.8431258160E+05      4.3126171870E+06      3            1.000000000000000E+002
lb2_132004_2          2.5346682160E+05      4.3112760670E+06      2            1.000000000000000E+002
lb2_132012_2          2.5480794160E+05      4.3112760670E+06      2            1.000000000000000E+002
lb1_132020_2          2.5614906160E+05      4.3112760670E+06      1            1.000000000000000E+002
lb1_132028_2          2.5749018160E+05      4.3112760670E+06      1            1.000000000000000E+002
lb1_132036_2          2.5883130160E+05      4.3112760670E+06      1            1.000000000000000E+002
lb1_132044_2          2.6017242160E+05      4.3112760670E+06      1            1.000000000000000E+002
lb1_132052_2          2.6151354160E+05      4.3112760670E+06      1            1.000000000000000E+002
lb1_132060_2          2.6285466160E+05      4.3112760670E+06      1            1.000000000000000E+002
lb1_132068_2          2.6419578160E+05      4.3112760670E+06      1            1.000000000000000E+002
lb2_132076_2          2.6553690160E+05      4.3112760670E+06      2            1.000000000000000E+002
lb2_132084_2          2.6687802160E+05      4.3112760670E+06      2            1.000000000000000E+002
lb3_132092_2          2.6821914160E+05      4.3112760670E+06      3            1.000000000000000E+002
lb3_132100_2          2.6956026160E+05      4.3112760670E+06      3            1.000000000000000E+002
lb3_132108_2          2.7090138160E+05      4.3112760670E+06      3            1.000000000000000E+002
lb3_132116_2          2.7224250160E+05      4.3112760670E+06      3            1.000000000000000E+002
lb2_132140_2          2.7626586160E+05      4.3112760670E+06      2            1.000000000000000E+002
lb3_132148_2          2.7760698160E+05      4.3112760670E+06      3            1.000000000000000E+002
lb3_132156_2          2.7894810160E+05      4.3112760670E+06      3            1.000000000000000E+002
lb3_132164_2          2.8028922160E+05      4.3112760670E+06      3            1.000000000000000E+002
lb3_132172_2          2.8163034160E+05      4.3112760670E+06      3            1.000000000000000E+002
lb4_132180_2          2.8297146160E+05      4.3112760670E+06      4            1.000000000000000E+002
lb3_132188_2          2.8431258160E+05      4.3112760670E+06      3            1.000000000000000E+002
lb2_140004_2          2.5346682160E+05      4.3099349470E+06      2            1.000000000000000E+002
lb2_140012_2          2.5480794160E+05      4.3099349470E+06      2            1.000000000000000E+002
lb2_140020_2          2.5614906160E+05      4.3099349470E+06      2            1.000000000000000E+002
lb1_140028_2          2.5749018160E+05      4.3099349470E+06      1            1.000000000000000E+002
lb1_140036_2          2.5883130160E+05      4.3099349470E+06      1            1.000000000000000E+002
lb2_140044_2          2.6017242160E+05      4.3099349470E+06      2            1.000000000000000E+002
lb2_140052_2          2.6151354160E+05      4.3099349470E+06      2            1.000000000000000E+002
lb2_140060_2          2.6285466160E+05      4.3099349470E+06      2            1.000000000000000E+002
lb2_140068_2          2.6419578160E+05      4.3099349470E+06      2            1.000000000000000E+002
lb2_140076_2          2.6553690160E+05      4.3099349470E+06      2            1.000000000000000E+002
lb2_140084_2          2.6687802160E+05      4.3099349470E+06      2            1.000000000000000E+002
lb2_140092_2          2.6821914160E+05      4.3099349470E+06      2            1.000000000000000E+002
lb3_140100_2          2.6956026160E+05      4.3099349470E+06      3            1.000000000000000E+002
lb3_140108_2          2.7090138160E+05      4.3099349470E+06      3            1.000000000000000E+002
lb3_140116_2          2.7224250160E+05      4.3099349470E+06      3            1.000000000000000E+002
lb2_140132_2          2.7492474160E+05      4.3099349470E+06      2            1.000000000000000E+002
lb2_140140_2          2.7626586160E+05      4.3099349470E+06      2            1.000000000000000E+002
lb3_140148_2          2.7760698160E+05      4.3099349470E+06      3            1.000000000000000E+002
lb3_140156_2          2.7894810160E+05      4.3099349470E+06      3            1.000000000000000E+002
lb3_140164_2          2.8028922160E+05      4.3099349470E+06      3            1.000000000000000E+002
lb3_140180_2          2.8297146160E+05      4.3099349470E+06      3            1.000000000000000E+002
lb3_140188_2          2.8431258160E+05      4.3099349470E+06      3            1.000000000000000E+002
lb2_148004_2          2.5346682160E+05      4.3085938270E+06      2            1.000000000000000E+002
lb2_148012_2          2.5480794160E+05      4.3085938270E+06      2            1.000000000000000E+002
lb1_148020_2          2.5614906160E+05      4.3085938270E+06      1            1.000000000000000E+002
lb1_148028_2          2.5749018160E+05      4.3085938270E+06      1            1.000000000000000E+002
lb1_148036_2          2.5883130160E+05      4.3085938270E+06      1            1.000000000000000E+002
lb2_148044_2          2.6017242160E+05      4.3085938270E+06      2            1.000000000000000E+002
lb2_148052_2          2.6151354160E+05      4.3085938270E+06      2            1.000000000000000E+002
lb2_148060_2          2.6285466160E+05      4.3085938270E+06      2            1.000000000000000E+002
lb2_148068_2          2.6419578160E+05      4.3085938270E+06      2            1.000000000000000E+002
lb1_148076_2          2.6553690160E+05      4.3085938270E+06      1            1.000000000000000E+002
lb2_148084_2          2.6687802160E+05      4.3085938270E+06      2            1.000000000000000E+002
lb2_148092_2          2.6821914160E+05      4.3085938270E+06      2            1.000000000000000E+002
lb3_148100_2          2.6956026160E+05      4.3085938270E+06      3            1.000000000000000E+002
lb3_148108_2          2.7090138160E+05      4.3085938270E+06      3            1.000000000000000E+002
lb3_148116_2          2.7224250160E+05      4.3085938270E+06      3            1.000000000000000E+002
lb2_148140_2          2.7626586160E+05      4.3085938270E+06      2            1.000000000000000E+002
lb3_148148_2          2.7760698160E+05      4.3085938270E+06      3            1.000000000000000E+002
lb3_148156_2          2.7894810160E+05      4.3085938270E+06      3            1.000000000000000E+002
lb3_148164_2          2.8028922160E+05      4.3085938270E+06      3            1.000000000000000E+002
lb3_148188_2          2.8431258160E+05      4.3085938270E+06      3            1.000000000000000E+002
lb2_156020_2          2.5614906160E+05      4.3072527070E+06      2            1.000000000000000E+002
lb1_156028_2          2.5749018160E+05      4.3072527070E+06      1            1.000000000000000E+002
lb1_156036_2          2.5883130160E+05      4.3072527070E+06      1            1.000000000000000E+002
lb1_156044_2          2.6017242160E+05      4.3072527070E+06      1            1.000000000000000E+002
lb4_156052_2          2.6151354160E+05      4.3072527070E+06      4            1.000000000000000E+002
lb2_156060_2          2.6285466160E+05      4.3072527070E+06      2            1.000000000000000E+002
lb2_156068_2          2.6419578160E+05      4.3072527070E+06      2            1.000000000000000E+002
lb1_156076_2          2.6553690160E+05      4.3072527070E+06      1            1.000000000000000E+002
lb2_156084_2          2.6687802160E+05      4.3072527070E+06      2            1.000000000000000E+002
lb2_156092_2          2.6821914160E+05      4.3072527070E+06      2            1.000000000000000E+002
lb3_156108_2          2.7090138160E+05      4.3072527070E+06      3            1.000000000000000E+002
lb3_156116_2          2.7224250160E+05      4.3072527070E+06      3            1.000000000000000E+002
lb3_156148_2          2.7760698160E+05      4.3072527070E+06      3            1.000000000000000E+002
lb3_156156_2          2.7894810160E+05      4.3072527070E+06      3            1.000000000000000E+002
lb3_156164_2          2.8028922160E+05      4.3072527070E+06      3            1.000000000000000E+002
lb2_164020_2          2.5614906160E+05      4.3059115870E+06      2            1.000000000000000E+002
lb2_164028_2          2.5749018160E+05      4.3059115870E+06      2            1.000000000000000E+002
lb1_164036_2          2.5883130160E+05      4.3059115870E+06      1            1.000000000000000E+002
lb2_164044_2          2.6017242160E+05      4.3059115870E+06      2            1.000000000000000E+002
lb2_164052_2          2.6151354160E+05      4.3059115870E+06      2            1.000000000000000E+002
lb4_164076_2          2.6553690160E+05      4.3059115870E+06      4            1.000000000000000E+002
lb3_164092_2          2.6821914160E+05      4.3059115870E+06      3            1.000000000000000E+002
lb3_164100_2          2.6956026160E+05      4.3059115870E+06      3            1.000000000000000E+002
lb3_164116_2          2.7224250160E+05      4.3059115870E+06      3            1.000000000000000E+002
lb3_164124_2          2.7358362160E+05      4.3059115870E+06      3            1.000000000000000E+002
lb3_164148_2          2.7760698160E+05      4.3059115870E+06      3            1.000000000000000E+002
lb3_164156_2          2.7894810160E+05      4.3059115870E+06      3            1.000000000000000E+002
lb4_164164_2          2.8028922160E+05      4.3059115870E+06      4            1.000000000000000E+002
lb4_164172_2          2.8163034160E+05      4.3059115870E+06      4            1.000000000000000E+002
lb2_172020_2          2.5614906160E+05      4.3045704670E+06      2            1.000000000000000E+002
lb2_172028_2          2.5749018160E+05      4.3045704670E+06      2            1.000000000000000E+002
lb1_172036_2          2.5883130160E+05      4.3045704670E+06      1            1.000000000000000E+002
lb1_172044_2          2.6017242160E+05      4.3045704670E+06      1            1.000000000000000E+002
lb3_172148_2          2.7760698160E+05      4.3045704670E+06      3            1.000000000000000E+002
lb3_172156_2          2.7894810160E+05      4.3045704670E+06      3            1.000000000000000E+002
lb4_172164_2          2.8028922160E+05      4.3045704670E+06      4            1.000000000000000E+002
lb2_180028_2          2.5749018160E+05      4.3032293470E+06      2            1.000000000000000E+002
lb1_180036_2          2.5883130160E+05      4.3032293470E+06      1            1.000000000000000E+002
lb1_180044_2          2.6017242160E+05      4.3032293470E+06      1            1.000000000000000E+002
lb6_180060_2          2.6285466160E+05      4.3032293470E+06      6            1.000000000000000E+002
lb2_180068_2          2.6419578160E+05      4.3032293470E+06      2            1.000000000000000E+002
lb4_180156_2          2.7894810160E+05      4.3032293470E+06      4            1.000000000000000E+002
lb2_188028_2          2.5749018160E+05      4.3018882270E+06      2            1.000000000000000E+002
lb2_188036_2          2.5883130160E+05      4.3018882270E+06      2            1.000000000000000E+002
lb1_188044_2          2.6017242160E+05      4.3018882270E+06      1            1.000000000000000E+002
lb2_188052_2          2.6151354160E+05      4.3018882270E+06      2            1.000000000000000E+002
lb4_188068_2          2.6419578160E+05      4.3018882270E+06      4            1.000000000000000E+002
lb2_196028_2          2.5749018160E+05      4.3005471070E+06      2            1.000000000000000E+002
lb1_196036_2          2.5883130160E+05      4.3005471070E+06      1            1.000000000000000E+002
lb2_196044_2          2.6017242160E+05      4.3005471070E+06      2            1.000000000000000E+002
lb2_196052_2          2.6151354160E+05      4.3005471070E+06      2            1.000000000000000E+002
lb4_196060_2          2.6285466160E+05      4.3005471070E+06      4            1.000000000000000E+002
lb4_196068_2          2.6419578160E+05      4.3005471070E+06      4            1.000000000000000E+002
lb2_204028_2          2.5749018160E+05      4.2992059870E+06      2            1.000000000000000E+002
lb2_204036_2          2.5883130160E+05      4.2992059870E+06      2            1.000000000000000E+002
lb4_204044_2          2.6017242160E+05      4.2992059870E+06      4            1.000000000000000E+002
lb2_204052_2          2.6151354160E+05      4.2992059870E+06      2            1.000000000000000E+002
lb2_204060_2          2.6285466160E+05      4.2992059870E+06      2            1.000000000000000E+002
lb4_204068_2          2.6419578160E+05      4.2992059870E+06      4            1.000000000000000E+002
lb2_212020_2          2.5614906160E+05      4.2978648670E+06      2            1.000000000000000E+002
lb2_212028_2          2.5749018160E+05      4.2978648670E+06      2            1.000000000000000E+002
lb4_212036_2          2.5883130160E+05      4.2978648670E+06      4            1.000000000000000E+002
lb4_212044_2          2.6017242160E+05      4.2978648670E+06      4            1.000000000000000E+002
lb2_212052_2          2.6151354160E+05      4.2978648670E+06      2            1.000000000000000E+002
lb4_212060_2          2.6285466160E+05      4.2978648670E+06      4            1.000000000000000E+002
lb4_212068_2          2.6419578160E+05      4.2978648670E+06      4            1.000000000000000E+002
lb2_220020_2          2.5614906160E+05      4.2965237470E+06      2            1.000000000000000E+002
lb2_220028_2          2.5749018160E+05      4.2965237470E+06      2            1.000000000000000E+002
lb2_220036_2          2.5883130160E+05      4.2965237470E+06      2            1.000000000000000E+002
lb4_220044_2          2.6017242160E+05      4.2965237470E+06      4            1.000000000000000E+002
lb4_220052_2          2.6151354160E+05      4.2965237470E+06      4            1.000000000000000E+002
lb2_228012_2          2.5480794160E+05      4.2951826270E+06      2            1.000000000000000E+002
lb2_228020_2          2.5614906160E+05      4.2951826270E+06      2            1.000000000000000E+002
lb2_228028_2          2.5749018160E+05      4.2951826270E+06      2            1.000000000000000E+002
lb2_228036_2          2.5883130160E+05      4.2951826270E+06      2            1.000000000000000E+002
lb4_228044_2          2.6017242160E+05      4.2951826270E+06      4            1.000000000000000E+002
lb4_228052_2          2.6151354160E+05      4.2951826270E+06      4            1.000000000000000E+002
lb2_236012_2          2.5480794160E+05      4.2938415070E+06      2            1.000000000000000E+002
lb2_236020_2          2.5614906160E+05      4.2938415070E+06      2            1.000000000000000E+002
lb4_236028_2          2.5749018160E+05      4.2938415070E+06      4            1.000000000000000E+002
lb4_236036_2          2.5883130160E+05      4.2938415070E+06      4            1.000000000000000E+002
lb4_236044_2          2.6017242160E+05      4.2938415070E+06      4            1.000000000000000E+002
lb2_244012_2          2.5480794160E+05      4.2925003870E+06      2            1.000000000000000E+002
lb2_244020_2          2.5614906160E+05      4.2925003870E+06      2            1.000000000000000E+002
lb4_244028_2          2.5749018160E+05      4.2925003870E+06      4            1.000000000000000E+002
lb4_244036_2          2.5883130160E+05      4.2925003870E+06      4            1.000000000000000E+002
lb4_244044_2          2.6017242160E+05      4.2925003870E+06      4            1.000000000000000E+002
lb2_252012_2          2.5480794160E+05      4.2911592670E+06      2            1.000000000000000E+002
lb4_252020_2          2.5614906160E+05      4.2911592670E+06      4            1.000000000000000E+002
lb4_252028_2          2.5749018160E+05      4.2911592670E+06      4            1.000000000000000E+002
lb4_252036_2          2.5883130160E+05      4.2911592670E+06      4            1.000000000000000E+002
lb4_252044_2          2.6017242160E+05      4.2911592670E+06      4            1.000000000000000E+002
