ob_10                258052.8      4304495.5    2
ob_103               272897.3      4309400.5    4
ob_107               260014.3      4309527.0    3
ob_11                260561.9      4304510.5    2
ob_112               274962.4      4309782.5    4
ob_116               265074.4      4310178.5    2
ob_119               260252.6      4310229.5    3
ob_12                260196.3      4304520.0    2
ob_125               257170.6      4310577.5    2
ob_129               255467.1      4310653.5    3
ob_14                258420.2      4304913.5    3
ob_142               259069.9      4310951.5    2
ob_143               272981.4      4310995.5    4
ob_149               266203.2      4311268.5    3
ob_150               266265.5      4311345.5    4
ob_152               261834.8      4311491.0    3
ob_153               266906.7      4311581.0    4
ob_154               256032.4      4311591.0    2
ob_155               262464.4      4311613.0    3
ob_160               257049.7      4311932.0    3
ob_161               256857.0      4311938.0    2
ob_162               264443.1      4311971.5    4
ob_163               267321.2      4311993.0    4
ob_165               267232.2      4312242.5    4
ob_166               265570.4      4312292.0    4
ob_167               270563.9      4312423.0    3
ob_175               265192.3      4312550.0    4
ob_178               269871.8      4312659.0    3
ob_179               266256.6      4312672.5    4
ob_183               266982.7      4312774.5    3
ob_184               267104.0      4312802.0    3
ob_185               268421.4      4312826.0    3
ob_188               253895.3      4312832.0    3
ob_189               271314.0      4312840.5    3
ob_192               266192.6      4312952.5    3
ob_193               257283.1      4312984.5    2
ob_194               266965.0      4312991.0    4
ob_195               266965.0      4312991.0    4
ob_196               266892.8      4312993.5    4
ob_197               269765.4      4313012.0    4
ob_198               269786.2      4313032.0    3
ob_199               255397.2      4313033.5    2
ob_201               271016.1      4313058.0    3
ob_203               255920.5      4313119.0    3
ob_206               266198.0      4313137.5    4
ob_210               266853.7      4313303.0    4
ob_211               266010.8      4313328.0    4
ob_214               259055.5      4313402.5    3
ob_215               265386.6      4313408.0    4
ob_216               259094.5      4313416.5    2
ob_217               271871.5      4313465.0    4
ob_219               267437.1      4313471.0    4
ob_222               262283.0      4313567.0    2
ob_224               266976.3      4313680.0    4
ob_226               265687.4      4313800.5    4
ob_227               261087.3      4313907.5    3
ob_23                267633.0      4307015.5    4
ob_231               266425.3      4314303.0    4
ob_232               253458.8      4314337.5    3
ob_233               266043.8      4314438.0    4
ob_234               270299.1      4314490.0    4
ob_237               263975.8      4314592.0    2
ob_238               264031.0      4314637.5    3
ob_241               258899.9      4315158.5    2
ob_242               258909.2      4315163.0    2
ob_243               258909.2      4315163.0    3
ob_244               258913.9      4315165.0    2
ob_245               260646.8      4315278.5    2
ob_246               271182.9      4315303.5    3
ob_252               266377.8      4315605.0    4
ob_253               258554.0      4315767.5    2
ob_254               259193.3      4315816.5    2
ob_256               258485.4      4315874.5    2
ob_257               258493.2      4315877.5    2
ob_258               258501.0      4315880.5    2
ob_259               258519.3      4315888.0    2
ob_260               258518.6      4315888.0    2
ob_261               258468.6      4315930.5    2
ob_262               258475.4      4315932.0    2
ob_263               258475.1      4315932.0    3
ob_264               258483.6      4315934.0    2
ob_265               258466.4      4315939.0    2
ob_267               258473.2      4315940.5    2
ob_268               258481.0      4315942.0    2
ob_269               258490.7      4315944.5    2
ob_27                255940.7      4307244.0    3
ob_270               258490.2      4315944.5    2
ob_271               258511.8      4315949.5    2
ob_272               258511.8      4315949.5    2
ob_275               258456.7      4315998.0    2
ob_276               258466.6      4315999.5    2
ob_277               258472.2      4316000.0    2
ob_278               258495.7      4316004.0    2
ob_279               258499.3      4316004.5    2
ob_28                266845.0      4307286.0    4
ob_281               258456.3      4316102.5    2
ob_282               260238.8      4316124.5    3
ob_283               260721.1      4316140.5    3
ob_284               260977.6      4316143.0    2
ob_286               257953.2      4316613.0    2
ob_287               257954.2      4316624.5    2
ob_288               257955.3      4316635.5    2
ob_289               257955.3      4316635.5    3
ob_29                258836.0      4307311.0    3
ob_290               257955.6      4316639.0    2
ob_291               265724.0      4316793.5    3
ob_292               261322.2      4316894.0    2
ob_293               266697.3      4316980.0    4
ob_296               263982.9      4317246.0    3
ob_297               256787.0      4317302.0    2
ob_298               253818.0      4317309.5    3
ob_3                 258222.5      4295045.5    2
ob_30                267643.9      4307385.5    4
ob_305               254735.5      4317373.5    2
ob_306               254698.1      4317376.0    2
ob_307               259699.5      4317406.0    2
ob_313               257506.9      4317443.5    3
ob_320               268212.8      4317457.5    4
ob_322               262310.1      4317697.5    2
ob_323               259254.5      4317791.0    2
ob_324               258948.2      4318016.5    2
ob_326               265872.0      4318393.0    4
ob_327               255205.7      4318437.0    2
ob_328               259901.0      4318533.5    3
ob_33                267309.2      4307488.0    4
ob_332               261478.3      4319316.0    3
ob_333               261478.3      4319316.0    3
ob_334               261478.3      4319316.0    3
ob_335               261437.0      4319334.5    3
ob_336               261912.6      4319339.5    3
ob_337               261912.6      4319339.5    3
ob_338               261912.6      4319339.5    3
ob_339               261910.2      4319340.0    3
ob_341               261513.2      4319352.0    2
ob_344               266440.0      4319655.0    4
ob_346               257865.9      4319873.5    2
ob_350               259179.8      4320077.0    2
ob_354               255620.7      4320278.0    2
ob_355               255621.8      4320279.0    2
ob_36                256915.1      4307553.5    3
ob_360               261383.3      4320503.0    2
ob_38                265896.1      4307639.0    4
ob_380               259014.6      4321007.0    3
ob_381               266928.0      4321010.5    4
ob_384               253613.0      4321119.5    4
ob_385               260944.8      4321133.5    2
ob_39                256990.2      4307644.0    3
ob_391               253323.3      4321329.0    4
ob_395               257230.5      4321451.5    2
ob_396               259573.6      4321457.0    2
ob_400               257304.1      4321653.0    3
ob_402               260963.5      4321750.0    2
ob_404               265668.8      4321944.5    4
ob_408               255218.1      4322050.0    2
ob_41                267435.2      4307669.5    4
ob_411               265122.3      4322334.5    4
ob_413               253495.8      4322412.5    4
ob_422               263439.1      4322852.0    3
ob_425               254985.7      4323058.0    2
ob_431               261033.2      4323378.5    2
ob_432               258560.1      4323429.0    2
ob_435               260387.5      4323515.0    3
ob_44                255412.8      4307771.0    2
ob_443               263385.9      4323837.0    3
ob_447               263325.8      4323969.5    3
ob_448               263633.8      4324076.5    4
ob_449               255547.8      4324138.5    4
ob_45                267310.8      4307847.0    4
ob_450               254802.3      4324161.5    4
ob_451               264023.2      4324219.0    3
ob_452               262238.4      4324227.5    3
ob_454               259404.1      4324297.5    2
ob_46                267754.8      4307876.0    4
ob_460               259026.9      4324555.5    3
ob_461               265461.8      4324649.0    4
ob_466               264186.9      4324862.5    3
ob_471               262579.5      4325034.0    3
ob_474               265857.1      4325183.0    4
ob_475               261984.9      4325268.0    3
ob_480               262143.1      4325726.0    3
ob_482               261086.2      4325789.0    2
ob_487               258157.2      4326139.0    2
ob_488               256937.6      4326543.5    3
ob_489               256416.8      4326549.5    3
ob_490               258342.0      4326552.0    2
ob_491               257741.0      4326570.5    4
ob_492               261473.1      4326611.5    3
ob_493               259096.8      4326647.0    3
ob_494               259152.7      4326664.0    3
ob_495               259073.6      4326869.0    4
ob_496               255134.5      4327757.0    3
ob_497               259521.9      4328151.5    2
ob_499               261693.5      4329197.0    2
ob_500               259764.2      4329780.0    4
ob_501               254252.3      4329861.5    4
ob_504               259170.8      4330160.0    4
ob_506               256330.1      4330389.5    4
ob_508               259208.2      4330476.0    4
ob_509               259208.2      4330476.0    4
ob_515               260061.5      4330851.0    4
ob_516               260290.4      4331378.5    4
ob_517               262507.9      4331424.5    3
ob_52                266698.1      4308030.5    4
ob_523               261431.7      4332414.0    4
ob_524               262369.5      4332416.5    3
ob_53                260258.5      4308038.0    3
ob_54                266554.4      4308066.0    3
ob_55                267330.1      4308197.5    4
ob_58                261446.8      4308249.0    3
ob_6                 259061.5      4300607.0    3
ob_61                260001.9      4308323.5    3
ob_62                262571.0      4308392.0    4
ob_63                267119.6      4308419.5    4
ob_64                267772.0      4308462.0    4
ob_70                260851.8      4308514.0    3
ob_72                260275.4      4308593.0    3
ob_73                276033.2      4308602.5    4
ob_74                266860.0      4308612.5    4
ob_76                267392.8      4308689.0    4
ob_79                260496.9      4308740.5    3
ob_8                 258842.4      4303484.0    2
ob_80                260859.3      4308760.5    4
ob_81                259823.2      4308792.0    3
ob_84                258990.0      4308803.0    2
ob_87                260140.1      4308953.0    3
ob_88                267450.0      4308996.0    4
ob_91                264184.1      4309026.0    4
ob_99                254503.1      4309240.5    3
